37 97 60
28 3 41
62 5 94
33 83 44
99 8 21
93 91 68
67 90 87
94 95 27
36 59 54
30 79 13
90 44 80
91 68 100
8 70 71
37 20 62
66 20 91
77 1 94
53 24 9
34 27 20
50 83 58
1 88 16
70 2 1
24 83 3
26 87 65
96 27 28
44 59 77
46 64 64
46 23 100
15 58 16
57 60 85
5 100 3
100 41 8
79 7 96
8 87 31
26 66 76
59 64 60
16 91 69
93 36 80
34 35 73
36 91 4
3 22 68
83 66 6
73 49 83
64 99 4
18 29 42
32 12 59
30 83 4
11 1 45
11 21 99
63 91 40
25 32 53
35 84 97
45 38 29
43 37 23
100 67 10
91 32 84
10 39 75
13 76 33
70 43 4
57 62 38
92 30 60
88 33 22
53 82 71
34 59 82
18 16 5
75 48 89
77 22 22
20 66 72
73 46 31
89 90 69
21 29 91
53 77 2
70 79 70
26 37 98
13 6 58
51 15 71
40 11 67
39 58 82
42 50 83
14 93 87
88 44 26
56 36 25
79 79 6
69 12 59
90 56 1
95 85 31
15 96 43
83 68 21
6 92 49
14 2 69
20 96 31
100 21 25
14 51 32
23 54 96
76 38 49
41 25 67
96 66 100
98 67 49
8 7 2
47 18 24
37 87 34
