52 5 92
77 73 77
77 39 52
95 81 39
29 80 69
65 75 1
96 5 60
12 13 90
89 50 4
80 20 94
84 80 55
34 89 9
12 86 18
13 15 93
60 33 44
28 39 56
75 43 42
25 21 16
40 29 10
72 74 72
79 38 17
52 88 98
70 32 82
52 3 31
74 100 48
31 79 93
95 74 75
21 48 95
40 51 20
55 66 69
68 41 76
22 46 44
99 72 65
5 72 75
51 29 26
20 86 16
94 24 86
95 56 65
12 69 91
68 81 20
79 18 17
54 70 98
43 59 71
14 10 95
16 84 22
67 65 58
96 6 52
8 86 1
81 53 48
97 78 57
83 89 17
33 43 4
80 17 100
77 94 86
56 37 63
52 36 79
69 7 36
55 22 5
4 86 10
64 61 18
22 56 5
43 20 65
14 21 95
4 35 46
69 31 74
79 73 30
26 4 33
70 3 96
55 8 83
78 63 71
75 68 71
12 68 3
100 52 13
63 36 91
28 89 15
97 40 97
95 54 47
26 26 69
18 2 53
6 8 66
25 52 68
21 26 94
96 94 57
45 38 2
89 7 17
70 54 63
8 88 95
99 29 88
3 29 40
59 25 69
53 68 8
7 34 12
74 38 79
29 60 24
99 69 100
84 60 45
70 72 28
81 45 18
23 17 77
19 64 71
