81 12 42
83 70 27
8 41 11
35 66 17
45 69 36
39 12 67
4 20 53
55 28 52
50 26 85
82 56 80
98 62 8
54 50 75
16 53 82
69 5 63
85 100 14
20 33 77
28 9 6
17 55 49
31 69 21
7 71 71
85 25 60
18 81 40
12 80 70
34 8 88
30 94 25
86 20 72
46 14 87
53 5 20
61 32 78
65 94 28
29 97 6
78 7 22
44 21 38
54 46 16
72 77 17
83 87 91
10 13 16
59 94 100
49 11 22
5 22 79
83 60 31
93 9 56
88 82 64
63 87 2
52 58 74
67 69 84
84 1 91
100 49 93
2 84 49
16 15 19
27 19 32
85 41 16
6 25 17
30 15 100
52 30 72
70 69 85
95 46 97
62 5 9
70 86 15
94 91 45
56 51 100
28 36 16
82 71 86
42 37 33
52 16 76
84 20 92
64 19 74
48 65 34
78 58 99
10 50 44
2 89 38
29 69 70
66 51 75
100 54 13
49 68 16
2 5 18
100 7 75
20 97 13
46 44 34
80 71 95
51 88 86
50 19 28
10 47 61
86 30 94
13 18 33
11 74 11
31 33 77
4 98 27
6 46 74
12 69 19
79 19 51
94 59 46
10 35 36
44 22 11
12 19 73
69 43 78
81 11 42
44 57 31
22 92 79
27 64 30
