10 42 43
46 48 39
75 4 91
19 17 59
95 67 23
35 73 88
28 39 73
48 66 81
63 58 63
68 69 47
64 70 88
39 17 2
5 16 29
10 19 40
12 54 66
28 98 58
68 14 35
35 62 82
65 18 49
86 30 48
100 18 89
59 73 46
92 91 94
41 17 14
67 100 77
63 55 5
17 33 88
97 96 65
10 19 65
74 70 24
65 33 15
21 93 50
51 66 79
46 34 78
35 31 16
49 49 35
47 66 80
95 74 69
86 39 81
89 59 11
86 9 83
44 26 46
90 44 71
24 27 52
4 59 96
2 53 15
91 11 58
90 81 77
88 41 15
72 39 72
34 54 61
84 86 95
84 35 87
80 3 4
28 24 3
43 47 23
47 70 60
88 69 74
96 73 100
53 48 42
14 2 17
55 19 22
44 95 37
98 7 38
46 71 44
99 28 62
97 51 13
68 68 94
72 51 74
5 45 81
62 83 94
53 10 8
72 56 77
40 55 86
12 85 37
85 74 83
83 61 81
6 21 26
47 52 43
56 34 66
73 87 37
2 88 16
93 84 13
62 57 92
92 18 40
57 34 96
53 95 77
96 9 49
40 13 60
58 99 35
15 11 59
34 58 21
92 17 53
37 89 79
78 30 31
93 88 57
30 66 83
19 82 90
26 76 69
62 95 75
