75 49 12
38 81 36
83 96 52
7 44 83
72 12 31
95 13 76
32 13 57
46 6 19
81 56 37
52 65 99
21 50 99
8 34 53
76 12 67
96 37 17
43 83 78
69 62 35
22 73 63
74 74 13
15 16 55
24 13 5
21 37 46
92 11 20
91 37 47
52 79 91
94 78 65
17 88 8
91 60 40
7 26 49
32 44 57
84 86 34
75 19 66
62 53 50
34 65 88
1 89 87
10 74 92
53 27 13
49 34 40
56 4 69
3 93 24
86 15 80
81 86 88
52 59 65
50 63 1
54 93 87
25 91 59
55 89 87
94 100 54
5 81 36
68 71 15
36 88 22
92 22 21
93 84 52
100 10 90
90 55 72
99 94 94
24 40 30
57 84 33
54 82 89
49 28 37
35 15 81
3 23 64
22 37 52
41 87 73
10 25 62
52 76 41
23 78 9
88 50 7
9 69 66
64 73 76
96 82 51
54 38 68
42 54 17
27 100 33
75 46 66
4 51 93
81 48 50
34 15 41
30 39 100
39 80 60
85 54 88
10 58 82
48 57 38
67 82 62
11 57 16
55 100 21
41 20 75
19 97 61
93 29 72
32 18 57
18 94 68
50 14 19
91 5 65
48 55 27
23 65 96
61 99 60
34 7 75
12 92 22
38 84 99
64 17 57
41 75 45
