98
272 524
216 264
606 725
69 820
641 743
453 642
524 983
126 905
172 971
93 859
768 774
288 418
574 619
719 735
194 210
100 719
305 510
738 927
307 883
84 965
671 818
807 941
590 958
292 349
430 546
73 577
507 869
85 380
495 785
360 611
793 917
184 688
459 958
374 739
281 499
472 844
655 909
352 574
414 786
333 853
465 849
416 947
241 544
89 892
238 506
43 289
768 938
402 504
703 878
326 924
679 713
169 478
329 829
716 779
145 650
818 914
297 409
374 745
340 936
138 501
172 523
133 654
243 917
490 626
584 595
61 61
237 366
111 977
890 966
870 891
623 863
757 770
724 904
290 686
696 790
25 113
588 910
865 930
418 825
701 945
155 801
85 362
292 671
26 764
896 913
243 244
120 991
524 623
279 360
296 591
726 908
104 166
900 991
274 651
778 927
759 952
459 980
214 285
