93
260 664
593 902
653 885
152 720
359 978
110 553
882 909
657 672
892 948
729 838
503 904
638 971
436 611
652 861
636 715
106 201
630 729
381 636
761 926
279 514
531 537
342 850
838 854
95 634
769 809
458 709
772 819
369 509
376 922
44 160
71 505
357 766
180 508
211 768
823 944
740 758
438 635
738 948
431 646
44 122
560 757
372 500
754 929
79 476
690 887
92 229
235 845
348 761
506 691
596 598
743 884
170 236
792 976
765 906
659 727
46 653
41 259
326 622
767 826
200 878
44 571
694 842
725 747
231 797
624 897
625 860
204 909
320 655
452 741
481 533
843 897
500 985
505 615
166 948
879 884
879 962
185 964
615 906
566 747
353 901
699 810
776 840
757 903
436 450
732 766
511 991
82 824
357 979
346 688
284 1000
343 524
624 827
385 677
