96
665 687
485 671
448 741
553 905
733 789
112 558
36 321
4 683
60 560
232 599
64 584
58 303
696 841
842 924
216 755
773 871
659 942
576 790
451 591
162 479
597 763
350 352
1 742
1 874
13 789
376 896
74 815
5 248
49 918
683 964
506 708
233 248
735 796
32 992
698 869
444 779
331 374
570 872
337 488
184 537
562 805
82 771
797 989
221 524
60 551
656 884
495 763
754 892
794 826
713 769
630 733
636 689
653 684
555 936
747 950
434 639
888 903
399 963
268 504
344 711
889 908
311 936
719 998
119 890
379 854
180 499
360 503
568 809
535 593
814 823
91 467
483 705
613 952
745 874
424 768
777 935
43 353
475 494
489 888
796 878
20 206
511 768
576 902
537 800
330 603
274 359
203 694
865 965
778 940
732 839
813 912
544 565
316 926
729 872
438 753
747 986
