97
324 384
23 918
445 693
840 914
186 497
311 428
127 565
383 490
27 853
383 845
504 985
215 421
759 765
782 866
440 473
755 863
309 681
237 796
437 535
39 861
645 969
380 841
376 961
289 550
777 904
30 639
732 828
108 853
513 534
736 972
419 954
785 988
401 653
731 970
11 38
675 817
340 510
566 751
321 857
215 509
829 969
656 947
104 907
413 934
633 861
144 263
820 870
644 875
597 675
75 645
152 649
646 950
90 630
210 854
233 585
133 258
179 234
467 496
344 440
287 530
760 919
75 716
115 890
31 854
585 821
183 735
484 612
591 611
409 789
872 963
228 417
627 859
894 929
96 152
173 465
172 644
214 225
739 991
402 565
482 653
222 294
110 673
658 808
539 890
517 816
344 418
854 968
435 709
623 637
483 816
116 354
129 893
862 874
764 830
32 529
88 234
188 635
