682
595
986
232
511
434
154
516
437
271
9
55
533
831
818
18
815
939
668
433
354
915
197
596
419
661
411
26
977
219
409
87
563
155
410
554
201
77
98
279
878
542
183
536
323
174
116
163
479
592
294
329
437
158
631
375
409
460
352
488
907
425
135
111
104
467
523
552
134
847
55
235
98
608
805
674
858
503
543
47
930
566
511
632
708
945
546
790
169
246
597
418
455
70
601
129
964
326
695
350
832
13
557
531
10
121
966
810
688
950
856
678
282
703
639
427
469
808
806
240
722
579
64
891
557
814
839
881
83
39
99
450
897
470
435
65
890
671
887
309
333
538
243
328
996
563
397
91
767
352
120
641
13
841
55
897
563
508
111
889
614
401
634
669
30
773
32
895
350
21
87
896
847
552
908
581
51
175
831
474
771
859
608
214
622
739
324
824
232
206
274
957
985
99
781
320
835
938
313
9
188
833
457
832
867
806
379
634
630
641
340
917
676
484
76
319
286
899
544
445
358
211
567
152
284
873
311
390
118
52
934
654
349
904
232
895
943
353
776
201
855
943
88
768
42
630
819
972
757
838
329
351
878
32
634
454
700
460
60
854
634
800
55
921
968
472
691
294
184
775
65
782
632
757
572
233
871
830
835
368
992
228
675
441
982
965
399
411
32
426
81
153
618
529
598
968
751
134
849
731
990
334
494
449
298
803
421
788
370
315
203
806
469
372
829
795
996
94
64
510
771
417
601
103
372
815
84
638
126
630
707
588
351
735
96
866
793
732
517
562
775
971
137
23
404
180
85
40
821
105
324
198
191
866
49
390
209
733
172
457
452
92
875
310
438
315
216
844
370
763
575
278
634
710
613
245
390
319
38
666
313
363
673
545
61
920
99
728
246
925
224
879
498
930
196
536
972
386
605
781
987
219
619
836
854
154
860
410
860
606
25
898
431
893
491
714
294
868
31
688
183
801
284
205
496
620
602
59
18
482
322
182
413
248
829
432
153
297
859
166
692
71
346
132
26
910
644
687
20
60
146
123
90
458
564
442
953
664
493
722
166
168
917
378
333
350
665
760
800
271
988
253
507
723
980
827
488
958
971
359
133
599
376
74
738
312
908
560
801
546
923
485
638
593
767
493
724
713
838
604
130
95
101
666
470
701
545
623
426
200
974
590
281
381
608
306
803
78
775
500
785
912
572
46
976
968
640
908
607
610
780
329
343
521
236
761
163
480
146
286
21
411
82
553
276
475
589
775
496
846
609
391
152
303
364
251
51
917
527
588
939
335
43
721
799
819
396
55
703
516
428
832
657
339
30
196
942
394
537
707
202
477
682
730
847
747
938
912
780
886
766
406
530
165
976
198
190
394
575
795
48
478
310
767
986
657
545
334
975
91
5
158
336
134
462
688
333
855
998
454
865
77
629
402
551
990
844
759
951
207
4
309
566
794
14
914
956
808
984
85
547
645
588
128
680
907
487
965
863
562
59
438
203
882
106
29
910
43
240
818
794
325
6
692
496
816
968
779
410
367
570
50
976
611
12
597
609
744
643
390
575
965
560
