134
439
889
707
791
974
27
550
707
580
797
417
616
284
509
732
113
263
196
90
505
872
532
949
924
230
176
506
773
448
661
112
414
831
557
610
608
923
453
929
471
873
606
450
60
844
736
894
961
142
40
684
427
658
487
175
274
730
214
255
2
264
989
868
667
193
823
846
141
248
11
257
767
934
676
2
876
645
447
210
852
181
135
655
932
770
406
23
213
42
227
625
371
515
11
274
822
722
103
505
614
309
925
702
602
821
78
448
867
172
948
768
265
927
797
649
796
455
730
681
842
571
45
231
209
929
848
248
532
294
217
555
227
369
820
