847
426
205
83
889
889
867
20
703
184
278
954
121
439
51
454
959
348
807
273
464
287
484
606
990
582
190
893
818
745
812
889
832
961
636
218
551
927
616
224
865
58
163
857
511
440
316
206
920
836
615
206
315
980
63
361
712
349
803
725
332
353
6
938
163
888
62
264
131
819
930
593
980
992
730
73
639
991
180
450
629
530
454
389
717
735
464
440
616
718
376
846
747
91
198
925
210
470
11
355
762
256
507
431
271
611
218
436
670
766
818
740
253
467
659
412
940
551
71
456
129
995
435
203
578
706
436
328
403
975
628
822
165
822
160
39
690
216
83
554
96
436
458
424
472
346
32
701
807
650
934
463
437
778
850
678
652
715
161
880
515
171
8
380
380
340
536
947
362
869
974
15
129
650
160
513
239
987
320
554
273
131
398
168
258
19
509
722
104
403
377
778
201
396
255
790
588
38
719
878
74
505
682
547
98
659
843
581
13
610
513
272
293
558
776
534
503
603
176
576
413
774
438
859
226
851
600
655
352
610
522
561
544
901
648
450
50
899
748
58
894
525
649
162
206
735
902
18
205
378
650
5
817
469
45
889
939
729
712
48
651
238
472
998
504
16
146
656
66
483
602
433
999
206
467
154
490
478
941
960
773
528
59
136
3
232
925
104
780
208
33
34
772
888
206
480
132
906
919
880
243
489
246
706
269
145
145
939
698
593
666
282
698
173
352
750
570
801
972
182
169
380
799
437
313
986
252
466
844
560
372
446
997
352
593
693
194
983
173
364
812
79
736
483
67
775
217
921
442
418
779
565
379
7
798
363
654
956
380
37
34
453
859
759
270
489
741
194
410
929
900
286
525
190
503
840
235
507
970
304
40
282
916
490
821
53
660
812
501
539
524
735
638
146
608
683
303
196
481
792
615
947
303
791
761
756
159
552
285
860
623
578
528
658
37
377
371
525
422
464
336
521
861
410
557
909
430
869
29
402
836
231
640
2
490
772
385
718
671
445
184
109
422
224
426
607
378
940
1000
553
688
340
610
223
549
778
537
693
921
412
686
790
134
617
480
925
917
589
153
206
168
296
270
196
233
149
312
319
343
177
390
948
19
850
185
568
537
874
971
929
177
562
48
387
538
859
126
696
14
375
865
204
864
858
184
86
499
667
236
363
648
431
278
256
276
513
870
880
917
517
801
93
772
934
718
297
615
844
89
73
12
595
706
534
289
384
324
35
952
562
552
968
831
822
928
831
882
537
907
366
376
950
860
790
224
462
80
623
211
100
700
249
765
408
435
194
179
989
634
538
347
307
270
452
213
901
319
70
59
186
703
143
401
607
18
270
896
584
16
195
686
46
640
904
902
872
162
844
547
671
527
95
778
429
77
796
258
795
538
949
905
460
827
72
641
953
266
908
126
442
123
902
180
356
827
488
758
895
564
398
709
758
961
627
354
569
555
196
682
519
161
488
682
869
790
449
241
262
331
408
463
905
576
33
837
87
606
587
47
962
470
333
110
274
188
734
764
749
825
187
5
431
511
45
438
851
842
328
629
715
890
590
291
196
891
196
769
753
391
95
250
969
199
510
831
123
815
326
26
592
359
346
508
367
672
883
660
321
753
515
395
572
711
923
739
723
635
111
874
63
916
734
767
50
665
195
781
6
751
145
885
773
158
184
522
821
983
6
503
665
739
654
404
396
121
187
266
871
432
559
410
597
738
558
889
705
865
457
873
47
20
729
32
666
676
497
28
581
263
945
485
840
555
246
548
848
17
138
236
461
427
475
818
580
797
143
283
939
122
439
969
789
284
340
374
451
692
141
690
969
129
149
434
892
215
866
483
480
256
65
171
60
590
252
988
339
774
800
976
619
995
561
210
831
823
852
91
34
441
707
119
210
647
672
446
39
610
960
527
847
253
454
411
805
281
44
366
974
