200
11180122
232881315
821032205
134903337
832503914
594536741
995054880
755376827
978402962
105181309
812594271
896585530
101710025
232241231
954016821
897868116
318384971
136541012
69921615
252260782
388126687
312691417
527238205
203572719
371284170
158447810
211662318
749049696
552496937
278201856
858980738
657486502
40429647
97506475
224937211
485347694
369234391
853211208
565925894
423971149
265620940
173239343
417148761
958990393
881733983
544617673
92389493
994108303
22519689
285992794
171794848
967133433
156635684
138932347
112270931
681789461
916917595
743703554
76082888
166288246
420135792
233454688
945102842
333338357
987565910
243320503
981488672
459737499
350361184
91238330
71618106
752663300
873115044
267925330
490042614
931548724
500820929
132447880
733168475
946925152
486152454
219612968
639182813
171900163
145697766
849444348
874022988
942479445
843678791
346922910
629874398
881671115
342047155
463960721
78213572
708006789
253130383
831016321
96544726
812678737
991885117
121310012
237121024
147641297
826284807
961900512
76312963
367447009
281489969
297887103
34919923
461507540
423110844
330710852
202235579
686185630
406100859
653233610
419206271
441312963
292996492
665112922
578372002
549741736
227999604
323324454
673791583
415605561
251485132
571905487
558768694
688757098
605039928
736833346
493980310
520662135
380959092
426597203
830482010
894962538
291339564
276420941
734176983
530787173
67462911
919789044
576369369
804128728
948899186
453324214
892258746
804975357
25008421
762107387
914713821
816178176
572771694
355013169
417153363
209595203
182178860
230384494
772419993
999358712
906621917
186298930
886639455
902509784
327388034
592648631
566980702
53912389
550708022
993374339
413733383
780723140
242079443
902509058
505353142
674747488
446640592
815008643
712999451
105253536
959023173
637504991
907898946
807384522
382830874
677015805
690121372
929740515
345982437
79517740
928012073
271612406
414161127
42855120
884314387
733501794
