1000
849002289
748555844
850735740
341474717
397506999
330394878
717767617
239235199
452657282
672831103
884414507
470289821
78302426
114378748
964382424
331567952
104801679
430057913
612817733
151869210
316934925
474578948
158616214
388048860
978249371
675022110
582590012
991352376
300937694
156934736
768694239
210804370
535315127
234832693
203771096
450829345
510006769
263434730
650893321
600604125
324771387
204980093
40900434
566564933
494391647
842404303
131121353
620076435
246732877
955582996
904300306
415095084
597735474
723745314
814140415
952993786
466142935
526876910
249017599
386207008
486710884
795881778
450427500
640379324
198632547
880866281
608936702
155045393
115346491
164521694
93391549
535535353
842491776
980608186
208008742
214114505
875755185
256118582
544604016
837178066
57081711
909023347
43279507
300579043
510447873
340083169
838013809
951747257
843376421
794424281
359053902
257678150
54379032
606130922
366162618
135535204
341436746
281098273
691901980
184030382
139537612
304016781
290022039
689250990
559662466
358049135
590714245
634620503
786790886
801030531
709656515
138717142
967347629
174848890
236755097
251831801
489045954
867026143
257827203
266413318
532745813
474500202
242065398
131606207
597462703
133139957
500518182
818878040
75539567
365434487
728423800
272331573
384392717
271359586
364609612
63111455
784047133
544950136
493146181
694865851
125419280
340994283
219301784
33295524
17948020
670608780
302319867
397346545
726145533
94986853
541501659
209682783
852057422
366514409
878274334
802533416
247341601
67084017
11080744
313862222
988796554
684774603
355989321
206245937
474326481
742555829
987223197
420659892
562657105
983782468
15243272
181404623
453601451
222845126
762862156
419830902
368806447
871716406
517798193
515821369
58721728
522981259
321508113
134874232
782656717
440226830
909875138
432762614
719569623
158165113
940322414
335718386
88834325
81759458
974365324
925740489
969680447
35695066
412203190
796999375
30884532
473035071
948198216
539278943
67314707
682425057
593869343
222128477
774580652
606826905
804419974
344928323
606216924
38894487
594593322
849748557
80468902
788273075
556779094
805447630
661282346
151223315
824479160
210003873
209259259
428650669
126153159
178301278
466000131
799352480
534152086
326983366
48765475
708166644
421517831
704628657
685359766
246233556
101526660
744071174
914457309
465561785
852244597
347373186
851684100
763689355
52548062
911384341
308071918
815411713
529949898
993892496
706266710
668669164
959362931
685061510
223070399
223470165
617132525
795708674
327156984
36686031
766786552
692698781
102582790
115676016
12426880
629061289
567184810
351108455
46719996
568618112
872747606
722955703
7947441
927835675
97968422
511235032
573018251
495040759
252792722
415335689
359048869
841561919
116368520
593696890
290295106
902269738
65167767
132461955
809230674
16975848
743384334
967713454
671980009
740715490
198341645
501496293
651898313
118012638
914656507
231593228
669398867
381209515
219115777
391484170
318296533
925359964
286018941
632452272
649350679
35392227
899692390
789365547
534917674
312007776
703308171
950268919
611131203
621770234
111873848
837902747
615279479
851316958
337132284
880172256
363127827
112644749
533833375
924774036
729898651
96500975
971615539
685384705
604810145
980909035
263689098
88173620
172937129
513803945
581824817
968782439
118401018
142369044
260009879
289345563
334846503
898208115
65898060
594008987
946259202
135047432
619369270
161828595
938408829
49060338
590130850
346627070
307785990
443301986
861534747
232241559
377786583
373029222
405836308
403409854
333831548
350548214
941330643
321834746
280585168
796609837
136242942
271315619
381640749
657569901
247659386
101850159
887221886
802834034
41960941
603432091
902698953
422841396
784286279
226872677
423234736
740575752
933082937
171632006
575688741
389894599
904802929
677858828
607223532
890595002
163994080
442094630
512721059
437459739
159228673
977156835
131003542
56787010
515514688
798954407
229428234
802807981
206590678
4313902
223551339
535816158
183391838
115100049
888581682
120707595
423036250
480203102
533292073
637662967
92926209
742998362
372787266
327008301
392091192
507080857
991866017
946381023
356111035
783569959
344348434
272193157
6209554
366267754
489225347
897609288
564113053
513458336
689245856
438945477
854270635
190233429
182565012
976131252
837306718
738893093
847176586
795752540
502991004
175920515
432299680
467906316
493431879
153224966
271340511
651054307
60646165
29437087
836549889
104238728
346001662
809420414
245817749
196051983
730707592
136787875
896099681
208396293
512949936
637748865
795420457
719930246
92996973
930266231
442142876
757052686
602311466
872321692
491823928
835823348
350478548
785056822
52981062
491674967
901622886
787601066
623420096
996296408
809802455
278293009
920096309
240869764
667325478
836990481
824323193
484581221
957819284
329810615
712528107
331811072
638875753
85762261
383255541
112047687
788821774
978259405
21763324
921130863
800944213
124566124
43599914
568404104
889036169
814534479
886553295
835677293
891004994
156956677
95339015
746042815
549427534
181963069
633479149
334872291
29560688
485402168
615558026
478536349
537417080
888280932
574659270
82104658
575328828
623915093
571578513
664571567
696457054
977104295
955498631
471690836
868361745
676070457
998937497
299417917
468091368
979205353
860798685
570602456
284685790
360827253
355677427
250397261
454495791
190442646
5545254
709417161
441719259
541971622
352590804
432949602
615596761
348263993
644545748
704141611
556808797
109161093
53106067
211861238
519940879
721273255
215201874
300044036
697898556
989710624
609050227
615122537
5527971
959061161
230072640
573168009
171194056
883900228
957343023
337544619
37601336
483790761
573241609
730510220
211758195
126295989
219570834
126222451
23484489
522334871
105656309
38347009
588456
843326469
16606449
346428967
746515054
70038604
331312714
525527197
535969367
753448037
526587200
609973881
140056387
269188329
893766860
757107661
542341302
464683682
97376774
652674098
326920516
865940949
112122188
223406994
42356086
338830466
563996628
113726951
732366903
34392889
576793335
472610090
658662881
872226405
404836255
191516932
42350313
701610310
396160481
287786429
222551
976418330
679980272
47879318
48411449
970451009
944683597
312580664
973873097
224358766
806884644
891932803
743749720
905918962
411403473
772835142
647455978
765174077
705061831
492515832
811865116
608003809
629900970
304613230
243855333
341973892
607991458
205674725
736136464
48651776
171966614
614029740
332553471
931675053
179795067
483461390
713448374
539885187
166912607
379554724
302625027
72603039
727373786
228715251
301383618
462423706
227919744
763386895
402056474
677618945
847441434
934216485
704381986
646660262
770083393
336101399
340222897
724271189
674267447
891254461
370345957
584373438
217103799
70095073
310931532
567511806
361818305
827357146
982764944
348588729
547430873
176486725
307395613
776739255
480367741
662034111
367557412
988621364
530170535
238138786
53581477
184871073
764556661
846609557
743259319
271619874
169381001
76400345
869965997
885997976
630426591
691045739
718470626
378661225
900146431
283000963
336720249
31559873
854985332
274841462
137048165
322075239
751213839
650690300
814822902
285568168
665514794
378711881
238558217
193397577
872659755
584452772
904800138
803373737
113688959
577947385
382562042
948217887
508127411
322923457
865692426
484284631
518756501
434483318
877719166
724982137
600584945
117775643
385161490
31293134
464802752
903257119
161919782
47122900
956210595
813167651
318853691
985117062
336044313
258525422
87836543
986092928
46214857
323379437
353476628
157905223
773700082
382663230
331248314
854864261
998910827
563255608
434322647
649511698
84140914
957917496
840261024
602094241
363362234
698349671
611400447
950092549
913316415
893491331
239108899
396624385
612806992
968490091
207078625
842233769
24283821
305954076
593167794
833416020
369019094
409476081
110466642
335830467
39278727
799353990
893882252
301995172
941838314
495352024
126389073
153767883
605882021
114426657
346908161
231653369
2424020
692218230
421076203
270960854
13374691
587463195
123463273
193195556
669675440
327373962
483762923
168386938
692760409
450938824
409998187
14119492
222882162
793593714
359924549
520455135
486117474
973074761
621642530
46566307
477862755
804104799
707039564
740571771
843391102
279344300
771878169
517733129
595404748
604760589
433461836
985054697
817059592
181049938
355481045
756929780
497520233
86184727
510258065
467974734
886539405
783022771
463791837
984028088
606747769
573535222
722374692
394381663
619137507
173562592
646293526
334203095
821479441
761532779
873159063
81039340
508607537
327479150
810848463
75649163
572793526
882634586
30979659
709795615
633466907
815624859
190045418
741691848
49025438
638428350
477773298
321396634
971365436
911650513
614663243
471637576
594183833
278230565
484127698
617732428
703295458
618952550
536659078
441170402
691725509
834268706
760040144
994775212
317430628
921391979
534576115
492304735
133193333
529872191
755427673
646796400
456604211
887734595
72433819
286157864
324264271
730082298
593945827
678603738
143484994
252105241
622849891
691566740
454360669
793711934
594001374
656524725
620524074
914209560
25978451
464179280
442534914
664057270
90398896
608835011
362110051
889030542
691535833
614024568
504298962
536604917
712985078
109769482
732022366
46279125
80870595
202213445
476362698
615329198
845275703
566637525
963537358
700394224
484072105
362529067
684186240
538662112
461340536
83276087
576636385
891295605
701259256
326453274
85629303
13423505
750449571
173612594
286636223
369832384
412621632
481131951
963954613
424872657
945525055
449600818
848082416
536337991
495353708
6591212
277249857
502582920
67327495
926826271
124493147
531165104
