23 26 77
66 53 68
66 98 79
85 47 31
73 2 82
89 42 71
66 8 16
84 29 10
54 44 93
59 7 40
92 48 85
48 29 8
77 81 61
48 61 84
38 79 64
86 26 86
80 7 11
35 5 14
72 32 38
49 53 49
47 90 98
3 94 99
64 62 56
64 89 94
52 98 74
11 16 90
20 36 87
85 21 8
22 67 82
72 54 8
70 30 7
89 5 95
50 41 27
78 70 63
53 60 12
91 3 27
27 77 61
62 77 84
27 13 38
24 22 14
94 54 33
83 72 87
34 73 23
51 94 64
87 56 2
35 34 91
79 44 76
38 23 60
22 72 9
62 10 27
6 11 13
32 18 59
49 15 20
22 17 39
16 69 45
30 73 20
3 32 64
59 91 17
23 60 45
85 68 37
33 8 5
23 69 28
42 11 100
98 57 66
72 42 13
49 31 12
39 51 45
81 25 51
33 94 22
16 44 93
80 100 13
93 6 79
46 22 68
23 54 95
18 12 19
3 5 42
80 13 89
26 51 25
41 53 86
85 83 61
75 42 26
63 23 58
72 91 63
55 14 90
90 40 19
73 82 36
64 24 35
4 57 25
81 21 35
50 51 51
98 10 69
88 7 71
20 14 34
27 48 94
35 10 90
48 36 27
68 10 91
58 80 24
86 47 21
47 73 38
