74 53 71
47 6 9
97 21 25
20 4 35
87 76 70
7 70 44
70 84 2
26 89 50
35 64 6
31 60 84
38 62 61
37 7 31
20 39 76
28 8 95
26 94 39
33 86 100
20 71 19
24 45 5
60 43 11
14 24 97
70 93 26
68 49 17
30 47 27
7 62 13
3 18 68
70 35 5
96 17 67
83 33 86
41 25 21
12 68 27
58 49 20
75 12 34
5 80 55
21 64 43
30 20 3
79 13 7
80 86 94
33 13 94
91 47 23
75 50 83
66 65 30
23 5 36
52 67 42
10 65 99
76 48 48
79 18 65
23 45 4
52 37 18
44 74 21
10 28 48
43 36 83
64 96 34
29 89 1
77 18 59
91 75 68
96 64 34
7 18 19
10 51 86
46 45 34
59 3 32
4 54 90
38 2 9
74 38 25
91 4 95
98 2 70
22 85 74
61 83 99
40 33 67
21 23 96
41 90 52
65 78 96
38 15 30
86 39 52
23 33 38
17 8 65
86 99 10
80 5 74
16 67 93
29 98 88
47 40 31
16 90 42
87 5 48
66 58 64
91 18 44
30 81 66
36 7 6
11 38 53
77 86 1
90 96 17
97 60 28
53 100 95
23 56 83
1 86 55
80 90 63
77 37 98
13 9 96
36 68 24
90 82 30
32 6 69
89 59 32
