52 75 47
88 60 42
14 49 96
57 22 81
47 42 92
34 53 48
41 62 9
70 88 71
100 36 87
84 70 61
41 2 61
100 1 71
60 39 4
88 99 44
99 58 76
5 76 36
47 79 77
7 35 98
59 24 15
26 34 33
32 48 13
80 16 77
52 73 7
43 84 77
76 25 54
2 2 42
12 9 91
60 25 68
56 85 41
3 71 18
23 93 8
58 47 20
12 27 79
13 50 85
45 18 19
96 98 47
10 26 19
9 37 97
35 44 38
74 100 73
92 94 14
77 42 50
98 35 82
37 52 53
82 61 30
48 31 74
58 1 37
33 23 44
16 80 10
25 45 49
50 80 51
86 87 13
12 19 79
28 14 49
56 48 82
5 92 11
6 53 74
70 55 60
26 30 86
96 59 5
29 67 59
11 17 76
88 97 83
52 10 28
100 41 46
68 36 49
47 74 84
12 90 20
34 54 9
21 40 24
85 3 31
52 19 89
48 59 94
89 52 56
87 46 42
97 76 97
98 69 83
69 59 37
46 7 48
53 19 2
17 6 57
35 48 10
47 5 44
92 63 23
26 78 93
76 88 75
26 33 81
15 5 75
29 85 43
46 17 44
17 91 1
83 18 94
45 3 44
43 53 34
74 51 11
65 55 78
74 47 7
53 8 46
69 56 74
8 37 85
