83 80 85
59 53 29
94 21 18
74 100 79
97 39 17
70 79 88
38 89 82
71 36 39
28 92 90
66 67 47
71 43 14
61 6 55
6 3 90
56 34 68
18 44 12
78 65 10
34 34 71
20 82 1
59 77 23
51 98 5
73 78 21
21 2 6
57 95 50
45 1 68
62 91 33
14 11 65
47 73 12
61 36 64
94 8 91
14 95 96
55 20 35
84 74 58
1 46 27
61 13 68
40 69 29
84 59 96
28 37 90
47 50 33
35 15 25
23 32 69
56 6 6
14 81 94
40 68 9
80 23 50
1 23 54
36 68 81
87 24 3
27 100 40
90 56 65
26 25 35
54 4 83
25 77 5
48 16 42
28 9 93
23 23 77
42 85 68
41 10 31
13 11 40
96 35 9
38 49 77
77 66 61
34 88 8
47 52 42
5 11 57
30 81 58
81 49 21
40 78 85
58 17 40
77 100 88
84 33 77
41 26 50
24 46 36
95 88 34
32 91 96
100 19 54
24 32 73
90 34 72
26 71 52
81 32 81
79 39 65
23 15 88
59 29 11
88 63 2
22 24 68
5 79 80
32 57 42
88 26 30
47 74 49
4 8 77
44 81 3
89 94 29
86 68 48
17 88 24
86 90 1
33 9 41
55 66 18
70 5 21
30 75 16
98 93 67
86 80 17
