61 16 43
61 59 31
65 26 60
54 46 43
91 94 38
70 40 25
33 87 98
62 52 45
53 39 63
54 21 45
4 64 61
12 69 9
75 96 29
23 22 61
7 43 49
73 2 59
35 12 33
16 84 47
94 43 95
45 99 92
83 16 85
66 35 23
27 17 69
33 29 38
93 25 73
92 99 65
3 74 48
22 83 1
83 31 23
56 56 74
43 78 31
8 66 33
4 28 63
31 27 2
21 15 7
67 7 98
27 26 6
24 88 99
45 31 81
67 99 62
89 80 93
64 46 86
31 4 91
96 3 87
69 11 13
72 7 48
86 15 76
93 100 14
32 95 79
6 77 79
7 88 5
70 84 34
39 6 83
95 56 86
57 80 58
23 91 57
49 99 77
5 84 79
33 62 48
64 62 3
49 31 47
8 90 61
60 77 77
1 41 4
41 37 80
36 76 63
43 10 59
76 65 40
67 90 80
59 29 52
13 84 34
39 40 99
42 29 58
34 72 10
85 99 85
11 68 34
83 19 23
3 67 21
99 65 3
54 21 36
67 87 39
42 95 43
87 50 92
66 94 9
48 36 35
21 46 50
44 78 99
9 90 88
67 57 2
54 78 69
17 62 96
90 49 78
91 86 74
69 15 22
84 44 36
85 4 84
45 92 96
20 59 76
71 94 98
22 82 91
