779
182
260
929
421
360
92
105
423
380
56
600
665
904
270
83
579
173
348
428
504
33
362
883
331
761
752
822
776
326
921
263
149
46
989
197
335
847
598
524
992
337
209
192
214
512
190
676
871
903
941
724
311
503
597
996
458
64
169
858
881
111
504
798
766
785
692
552
861
639
184
147
522
898
967
567
616
663
582
820
295
809
572
500
607
695
495
577
781
945
116
371
880
315
519
797
945
879
602
900
248
990
155
889
12
733
679
428
936
652
63
774
966
917
288
519
238
530
699
859
457
640
27
487
623
61
54
287
871
652
371
900
142
473
912
279
990
226
786
659
903
430
825
31
397
388
447
591
941
721
527
799
356
863
51
725
113
983
535
777
670
39
479
426
408
84
224
170
347
490
807
680
805
861
630
338
27
502
296
393
559
338
483
645
928
420
856
772
122
18
288
30
559
93
901
890
314
786
237
206
476
309
174
337
695
775
268
899
283
523
475
952
636
798
994
297
773
487
903
856
867
171
351
489
16
751
421
606
617
834
99
272
603
323
643
375
675
212
238
2
584
382
471
621
499
288
463
146
65
647
907
360
565
838
17
564
818
536
883
877
8
947
429
170
12
696
105
62
798
909
656
265
29
707
981
619
821
943
174
449
756
733
722
114
128
501
23
578
866
106
780
53
952
877
460
163
745
791
344
134
126
512
321
826
258
366
829
393
530
877
373
506
870
857
992
590
874
179
961
894
95
72
371
282
602
723
458
319
195
717
320
78
768
956
25
84
156
910
80
807
342
276
286
986
90
800
69
407
455
207
710
983
761
160
54
783
990
203
892
495
211
135
566
893
390
369
660
381
601
289
118
718
50
302
144
767
827
677
685
607
616
184
266
249
716
489
543
927
767
15
382
326
972
15
299
77
683
13
393
420
560
172
698
918
757
461
482
639
432
305
169
435
458
589
726
638
632
224
175
992
262
368
880
416
376
74
340
364
454
19
471
969
224
491
969
3
441
766
983
666
526
818
167
654
38
235
639
534
47
825
205
697
136
171
745
49
809
256
978
251
578
753
85
11
888
367
995
53
412
359
381
594
188
678
427
827
793
53
598
668
721
371
522
528
953
348
641
638
506
14
644
116
954
149
400
49
230
713
205
336
864
938
37
723
387
841
670
334
189
585
123
499
924
337
117
544
460
587
736
531
444
398
503
579
489
644
374
21
259
59
987
496
234
666
637
127
346
210
96
900
770
416
697
439
903
55
349
132
360
939
591
323
160
178
796
151
257
535
47
905
197
542
294
486
980
803
763
706
855
580
790
942
175
87
741
365
495
814
230
962
285
319
179
345
983
346
574
439
243
118
250
836
800
613
25
397
719
983
580
99
546
864
729
701
777
601
113
635
699
860
784
571
149
810
424
271
631
719
24
482
447
493
938
553
559
878
411
31
238
453
890
238
736
158
261
627
513
388
197
62
77
222
358
623
549
791
197
897
799
822
685
863
108
997
306
549
270
570
569
833
418
994
277
504
969
413
572
368
870
910
196
857
257
518
479
104
134
148
265
343
182
686
319
443
899
533
838
425
366
378
362
611
861
666
93
291
236
509
12
812
727
197
338
740
636
330
878
141
565
862
856
58
355
709
954
561
888
919
653
273
291
363
421
116
439
640
852
966
753
434
801
756
445
158
260
78
287
103
316
549
509
219
471
853
615
525
17
554
318
69
506
200
198
60
554
485
262
342
438
665
645
80
152
86
759
419
914
910
740
867
596
731
442
963
843
147
552
688
622
213
