448
411
824
362
63
77
726
857
177
444
981
611
786
176
80
419
155
572
371
170
906
201
846
979
582
542
755
856
493
251
14
479
102
839
356
10
631
602
363
279
702
303
51
983
237
233
994
511
657
443
581
492
168
992
121
182
630
713
984
805
887
918
986
257
848
367
599
385
375
99
973
661
833
991
874
400
990
537
731
605
316
979
338
832
707
871
173
282
624
402
862
561
594
909
221
231
554
863
831
812
838
928
486
824
170
693
818
447
552
432
66
657
437
784
356
562
847
827
781
196
244
862
460
19
24
138
558
864
241
183
137
644
352
459
235
262
339
426
709
831
20
268
255
52
101
112
901
48
72
827
675
123
420
182
394
142
845
380
44
534
187
932
209
745
182
65
437
592
220
770
381
595
712
555
769
679
436
51
428
366
459
92
787
18
871
157
848
114
73
714
767
757
541
198
842
852
850
303
616
377
363
264
381
99
959
546
589
70
184
362
586
748
770
968
151
800
641
862
428
193
644
472
256
712
754
778
299
69
909
429
858
756
80
849
558
389
908
657
192
194
800
25
111
418
624
213
247
881
404
699
340
631
609
76
487
818
610
543
157
4
500
55
219
598
188
818
563
678
41
411
432
521
343
478
438
490
582
314
124
535
420
659
61
35
402
930
391
539
77
536
992
71
635
474
487
472
338
599
303
369
480
308
190
198
785
52
439
738
991
208
323
241
838
285
470
489
449
664
563
691
701
277
229
806
709
583
475
815
97
524
904
129
897
772
542
877
1000
297
333
713
786
218
85
389
137
563
454
918
893
809
731
711
324
362
263
110
459
707
436
893
704
911
292
329
837
157
444
268
805
184
901
89
952
781
824
543
486
890
176
192
582
179
498
282
314
232
425
437
701
538
762
483
642
661
37
615
226
574
757
538
266
183
73
258
789
766
236
513
387
954
886
535
254
31
951
155
460
782
379
955
907
20
380
661
63
586
662
514
470
380
867
876
35
885
221
981
487
586
629
409
429
427
698
641
792
373
42
854
693
