931 0
584101612 600307724
411784446 453738274
264256726 296858865
775252910 850370644
327015329 408096818
530961423 573982489
419167002 470139203
770063831 863799134
436461919 440216929
245207421 328759670
227543742 231475170
909672207 959045259
150670005 166657910
814181881 885754360
229073095 276397722
709387148 779068382
97953076 102608623
170727001 224623635
812374238 833743657
928965176 961653895
408612959 418156083
717429912 740526981
889649744 946186153
264583487 353026398
940729630 988475377
796212112 797173080
126617102 178413838
162775045 183324891
990421612 1000000000
249975738 314951574
395233020 486301791
648517928 675047809
181466082 238008973
750361659 778078358
37644664 115798659
655751752 742994505
594575203 649354098
262690475 283940600
861194031 887853610
355066113 428973324
412350305 420671301
401645359 478513291
296354881 342000847
462812864 521597842
266743727 353040527
761294210 801953712
658154577 740607138
647615364 697018284
58752098 154532943
534127146 578632406
96489701 148474717
260583187 289051144
747049403 780419665
821946650 832794110
819441831 859687927
945707136 1000000000
488286174 551389751
552394679 567357446
926335631 979511039
253412512 302461354
954841086 985833460
634523548 644221727
506847587 557539951
466887379 490087349
990521049 1000000000
17807670 88979543
376185639 379942952
388255822 417687348
135778105 164607348
6368785 76997351
590970415 603523697
926118082 997805769
958204878 972456442
91068276 96317593
147493987 240685210
342600053 383286328
672132092 771180790
557558546 609659634
516885133 517321484
330932050 341716382
498513493 539681916
705708104 778808093
542695919 592677056
177488756 270420305
427463550 486642207
949435125 995166862
654293871 707596702
253150237 258785929
675043830 709998311
179161318 182286047
392936665 433385348
51093696 106045117
180912675 252438479
191499166 278696288
550727495 639509762
742618570 748439960
888928852 910017173
477378831 532932147
390137939 434094141
121579982 132313285
61514176 133104911
710395659 711510733
688883495 783911764
16255450 30440850
102937967 107753497
578167661 676579451
663383431 696394240
796141941 810944165
251865533 324433558
547204079 608719982
100352933 175147909
59893228 129567507
387694262 438165195
318889199 328274131
725874375 815820335
975812562 1000000000
994838200 1000000000
605693892 685850289
521416643 561082291
205202945 260494542
40124564 108615425
661720642 754381385
546870585 567531818
423729978 478879901
233533177 289438256
151687621 195851438
430713236 440975750
843251270 890144864
606346801 669988223
760160295 843472354
868672710 945403327
87501668 143127257
547628264 616244046
667920030 711148164
421552640 458929942
963247359 1000000000
19612350 84901371
736261511 819855756
726444814 796856304
808446585 905015505
337039119 408884997
503571905 571995806
724961666 796251682
634705328 670554220
277412627 358937802
850258825 888260190
377849640 407952471
829302127 883837753
347825903 439400028
726670095 823940309
551882191 577600051
100193721 174873210
49155798 114141592
570447721 604311930
844741627 877754525
609591364 637614277
510459785 510492129
719055052 772224094
385538293 469539339
804996695 842839516
644932501 706992764
720432900 756398478
624604594 659820749
684867731 760385539
509497726 585717109
534499253 606892721
985614800 1000000000
299489568 378217216
203413888 293288003
555358807 595544675
450260570 536145913
686783519 740980617
254538136 302120425
321187785 403288188
866686900 962135963
885208134 943857873
402366905 428865729
185160410 239860715
982113712 995523401
204958902 283991556
752905461 770735311
742048772 800947561
647750751 677626102
25462633 84290581
493612349 592083622
720533650 788407399
625687671 713279487
183852776 235990203
840218135 937329618
375882023 438655722
282034527 293908897
548135682 630869451
153859068 215022708
420211386 505320757
469216389 548868087
988412145 1000000000
320390703 405144518
368590387 377875717
104370628 121290772
773579317 862984336
976940331 1000000000
83353230 144166752
406161736 459736327
743221596 840074821
213991323 298652471
711679263 802595353
276569854 360710062
169882466 226009493
231492473 306435706
445444289 448059709
301833477 347014969
395593616 466459329
642921010 671262894
43192895 102027856
279599191 291619885
880781092 914395859
194779896 291113278
378994537 441323033
183509761 211197293
386281744 409044330
961125851 992878232
818624337 859359915
653928959 733641881
93586947 177708735
877029516 877978502
930834685 1000000000
497963599 537401933
580514594 623067277
231740462 240516212
99117699 100949023
180658821 208882982
845268543 860026934
275085469 276138888
532558728 533423407
329287052 398658436
550073487 644643201
708866065 781581416
814110805 870986777
43725381 116838400
792311186 796197559
769940779 813513431
976136023 1000000000
731029294 816935338
918903761 928804118
154540885 161066029
563771959 653763506
615184906 618171827
136950487 197176180
223689865 232025869
372306512 401117557
389976751 459113309
673100977 711365272
541073269 611966035
420168714 427358146
164786874 193378441
468863559 534225487
200633863 238049218
238165159 334477325
833413886 852873353
441408890 511063825
828355583 853705985
232670481 265238543
791882327 849060784
237110524 313940160
242832110 273948537
256135719 347724772
375391418 473297571
388741039 430861477
556847262 577357945
403260331 412758955
439461630 472604958
172260391 234341435
971300196 1000000000
296772241 348512777
945912623 981498216
771549655 858783378
936148993 988538910
909304589 997618956
208911092 289865418
912247746 935739386
735267011 818061783
107897822 205539886
669035979 747620961
716575226 740608857
272350286 311456115
324661335 393726175
478001382 480215093
497454092 556227445
437416165 503466934
247097606 301066446
573640462 672378254
92921704 102989283
455190407 504502215
172415016 254897281
381463872 386819586
521544183 572167390
625864417 685828526
30001069 89568821
164485500 187006111
172218977 195773354
656929897 705631688
430181039 493518579
950867475 978289472
11700267 17408106
139213704 168569942
600545466 638830771
303644185 391078254
901056111 995590804
58568091 117453858
656738748 708414156
778374351 796170282
227170600 266703530
100829011 125545865
276456545 333777658
469623211 555305765
133543476 150364315
985904054 1000000000
878062321 968997902
40141601 111831714
500993811 597680460
69565080 124421387
462296646 539210874
804001199 811557583
182386718 216895113
742912308 821362538
952589805 1000000000
71093070 105404097
917032830 950380752
857820842 933487654
80751120 128374160
78755674 126031744
738511526 751738360
752810657 775844519
438724816 449771723
846072804 854354305
710258532 753334133
654351236 684683803
618043435 644381428
153289048 200303954
935490753 966013603
20720465 63479725
602092482 621231128
231888747 245653451
470757674 471508840
445519230 499723878
253989300 346406718
227767534 315473912
955417458 957877577
513450931 536457527
288003192 358757728
991494887 1000000000
95526269 115501609
213374220 226601629
54673848 117634201
303912880 323002112
990684551 1000000000
799769343 823580761
604574157 698150017
420577673 430663136
608494516 687201177
538115724 621945393
416061161 474923794
40378715 86944628
178610654 197824985
86637318 114870259
85703871 117741402
459708755 508027789
822348393 857932831
402875979 455618189
869212724 921361318
944481483 974309420
485306988 498395258
393844998 418411588
729356020 731645873
843444360 922437108
244970586 274208532
9082449 28788785
375247872 461454900
661873344 722507754
934474221 1000000000
46912694 68877618
454266185 468714124
644315678 723855839
416589746 419803983
941275028 1000000000
8012504 49541477
675290681 714915376
981520260 1000000000
261032681 317530161
280892618 360252969
879924618 911383716
898684061 931881798
754127706 802105732
22854811 83877115
788443 65170094
430037917 460806168
681126569 747627087
367013069 383248120
53197958 97220171
577602870 655709116
6158389 104041500
759669700 814407566
196412184 209613419
936606705 978691909
293211533 301623859
680541154 753656169
677161953 767534312
984082709 1000000000
94208141 128327406
374001047 413704765
446388099 505859740
362984452 392333830
287206310 301267620
234853695 259541294
133245492 171931634
232540697 308883704
466863580 523230507
261698286 282569075
418240401 453450940
845314921 880200817
522786106 588519994
441150206 486442760
429751441 439704055
318962479 367501902
179594090 277306157
933759365 957590807
970458826 987139049
448331754 467560626
718727831 736951741
634378490 711810561
713345095 805041400
983675925 1000000000
434846330 464824209
232618610 289947601
683182599 747152418
152431156 195931915
203889187 210262889
67842806 141357829
518333804 607991958
514557264 605741755
838654507 909840261
713614488 786435881
620283114 652082088
898555873 946005973
499626757 553771135
210636658 211767618
244359221 253352022
765474598 806495934
179264354 196787488
626233613 696896745
563032669 604428580
488083925 488436081
488583274 493179112
711021475 807105593
848585216 921899787
475202232 538594079
529758297 539601930
814622588 907570105
24947619 110154183
232582030 252841751
109200237 111882045
792912928 866178016
555775760 632437000
563463613 618252812
441382540 448105483
239448309 264367173
240446638 297044496
238322143 272707606
839866204 938492768
504530758 560226409
366349311 439834015
256365781 258755563
937232698 1000000000
666988599 713745629
541869299 641701721
377390722 408748160
841610769 845464421
102943600 187874831
529650993 579055992
489016015 557977411
928961190 929494104
672143431 673071248
98977044 108879903
137883161 212768741
115519584 213169399
411264543 413152670
767348542 816889233
657902983 707789875
275456436 339351008
24203121 64520303
953936080 990880923
532248709 600072725
452897274 489089482
201489681 286344962
174712811 240062645
474825327 569337850
394363649 408695376
182668009 231004289
233063557 253953855
27460148 34296447
933518429 979352466
521976774 567932818
593744785 679422161
258269376 317303701
481383436 531489844
179463743 182597218
46821738 66451985
443651303 469231510
766053177 816628017
807816047 809376666
884650627 973735209
738468297 825270390
614003088 693136629
604469004 700282009
758006498 791242362
811328661 831394162
181669944 270471114
226350549 270519043
457020386 493388833
510552995 602472452
734048162 829054285
426030661 501900196
453370341 525966368
808389214 868962880
361248906 413173063
92495671 105143819
574329236 579144369
851574552 900177564
726855369 729167552
635284355 716327062
104994647 184772179
237581670 285063749
232097006 235587252
708193816 717975617
319028792 409015302
748354677 823340120
764159802 765752912
546633126 600163943
483726104 532327668
530116703 555276934
626764307 650248518
851596758 890987001
679729602 714718425
624686471 660479066
181801714 237370788
182281976 275501819
354585491 444805644
346282575 430198406
906379741 992105624
105797311 188790811
877764641 896942954
179280583 191730391
843912082 933052124
257517477 330595140
361197899 371915722
477277481 562319812
727949099 760949601
378581734 466819352
812526541 827016445
593755480 631708818
708086916 778737626
987586753 1000000000
227429596 256881788
153797701 190500389
354847060 444493869
19508570 106940803
495195457 582982611
458014249 502465949
293215964 389646648
688062306 764761889
354294676 422980155
190529417 263655017
36855586 106770057
570167227 610259326
582280531 597247372
623367593 625314207
98911390 185951748
840556613 895188600
733250195 773130938
746342208 766165448
789649226 794706379
223976705 303738355
739029415 774643794
269886948 324421771
36359182 43273255
901295959 961831767
16724282 72514338
349475192 416718975
31848074 72338706
506126071 603524558
184849310 214663248
443952980 490473267
585321434 641315049
351762117 441610286
958614341 1000000000
894807602 898951407
687274260 733625177
818683201 841461258
27029240 125584473
742627631 832759905
435938717 492665787
396506866 435718774
199018888 231008729
962994685 991193336
332146930 400847403
428162428 496274504
137787822 206875466
33878226 34876229
564184157 661249581
137813231 215860076
139386128 204034411
294225912 304890037
357025008 438146438
644169794 706462734
101684123 175454078
101918897 130830639
752130555 845336219
763902143 808815621
900588199 989866743
954525425 1000000000
197693810 257934887
59389443 78821295
833146167 879319119
408454329 507599769
128650267 213373244
909238417 974207249
454949075 478287853
895676112 955516861
137108573 189448293
21655001 62326585
445836905 544231529
897480863 956172647
925923249 990051214
662080328 738135852
136589948 167656688
927805081 934351450
676844131 755075901
959657809 959743334
836419378 906039641
97927928 160272660
316576188 378492758
629749987 668389171
333654424 365797325
739558329 825763779
556793626 631439505
277696294 367630629
894304756 931373096
819977594 839177596
609201179 686834975
67025548 128445364
969100671 1000000000
521087062 599518679
576093351 673916995
296622317 321818465
847454609 917146158
139762381 144486633
495506502 558570539
326678701 390520664
724519995 735291321
976711980 1000000000
570801106 653970499
303041621 324617057
122679893 132627217
460583059 515630491
609205011 625817875
228346678 303056238
896589066 978448174
999708816 1000000000
955442850 963090856
216040458 285646254
842200100 914608933
365272546 457253349
824462942 901635074
795306007 808177971
243391247 282125006
504885215 530456071
792293152 812158086
286918118 383771777
738900907 774187819
979107763 1000000000
982963975 1000000000
904206692 998075158
880338431 946630514
487231832 578045370
381562594 457651274
520730701 591480349
478813746 526580399
764737462 803270298
198857013 293854671
44574186 51209773
800640777 829197723
724839321 754527437
2236081 19394760
507561941 515365659
123633072 182843617
506455748 541091680
375065499 394095509
98063141 113646534
849816239 878792971
725245994 755676236
627126653 654175261
491627546 587895054
924707520 1000000000
730112947 766872543
785700155 858962033
705230389 769019934
128169006 147449193
51563866 123714428
776448440 837919601
124270 67602409
971211595 1000000000
518948339 585360354
370176390 435658414
665175333 673594525
463927416 489272584
700940382 760051694
546895219 592794204
468385704 534070895
249996710 271260829
998131720 1000000000
200728853 263832478
64463549 116384129
441472252 484618089
417164451 512319330
196676383 244811133
317575040 324431408
105410440 131489491
594082869 687259301
22909569 118397991
519971085 585720143
828897908 850355368
536426087 630834304
450375930 475641594
938548535 1000000000
196605512 266113732
456624700 498486739
112813997 136503159
659964945 682434796
848950830 942143682
788509428 832598601
452410468 546921487
801086038 805413521
524952711 609233417
53758750 124890517
539491512 634318300
871144559 881234410
333502449 357731946
614434275 619850289
300070898 325519779
890799855 897892178
275230794 354866548
36297420 68427957
825103186 826741833
398339164 489422644
7417282 8539477
463743361 563352787
734213801 751774255
732341213 813812917
113677365 133638449
919310714 971025935
352129264 441883999
62081184 133404308
816572617 863405876
124360097 134028775
677157905 723557113
314940905 398275784
53885496 59732056
411394535 502034069
949010238 1000000000
817804312 843604623
756297854 831749522
11995198 27047136
239795591 306117498
853526319 856748605
928343095 968497137
481536412 503248159
399750934 458108146
17218685 54111168
187607212 193952065
92098562 145510195
192356162 278123888
454829376 486270599
101710749 182391138
627222000 695128334
246503625 343899929
886327210 918645489
683681644 738483464
908938247 911443487
978562921 1000000000
175259971 241358972
392217154 458166936
348141468 431386715
491794822 516889500
296705758 377897208
243956393 278114321
596823911 667040732
372560714 466631065
929720612 945100080
50014431 113587952
41739640 48985471
961492939 1000000000
732582700 784518065
588690292 671575628
740230915 779787157
863607154 919276739
635183366 704239879
756203629 825344772
966939743 1000000000
899381450 942364297
907897477 949612779
158353190 253543685
871473252 960002714
376773424 383567618
341341450 389163770
999786708 1000000000
113996752 155017161
766000541 776809027
538564177 596016125
390998385 451725285
940436786 1000000000
685637064 739073674
355736106 363043084
936360768 1000000000
383966687 398303518
629841582 667253659
49638487 78492293
74782417 113463338
513480299 529817528
721207551 725196988
459577649 545300694
117503422 187970984
887931734 970881143
361189324 370892485
329585927 364225804
498127330 555935706
105471959 180517186
397286099 426080070
16336044 76647814
999695755 1000000000
426702993 427758951
701323876 755147347
812255608 826497866
153301774 205823505
222975741 298679091
256169028 304683949
682103771 750420089
447441902 458514868
578789138 629477591
827841033 868049484
808354964 825328818
955174267 1000000000
986198035 1000000000
949387228 1000000000
852216348 907971926
638836440 657057683
227992714 276990004
600532432 680003689
894724267 956148751
881289951 966935665
971261452 1000000000
62330240 76851493
795401921 804387986
723670196 764097392
79960186 123094553
488646141 581162188
848489093 874848731
884314730 934678652
765174723 809677451
184148556 216801988
781917014 868990305
16898623 28727409
979496064 1000000000
596211886 617263459
38174294 87959351
410427465 429938177
433033154 458717972
46744755 90066789
524376794 552223833
486020838 574786545
715059244 786734868
880229675 965121562
879053298 962974252
571425263 587199083
896127889 956603666
533988449 614490187
105527631 138291433
825748175 906016512
425870080 520491524
155851192 174811912
951009127 1000000000
81872671 135659680
956524913 1000000000
925759499 965330681
592916384 642122152
964193907 964554368
937524769 957032777
557433781 571080146
794939683 838767796
511339948 529347568
63701586 87708755
62716068 151160945
204582597 270280070
570086190 570586805
683231517 773720079
906390655 958498435
499048179 557229991
282230810 372056222
730816165 733838565
90887593 172180074
822695061 841324034
487477681 586131181
952057041 983871527
848004148 901840717
937559841 1000000000
222738128 267496633
562492235 595616729
841592477 930860110
370712246 433855137
593098610 634714923
518904754 535477181
545372953 596275530
957498794 1000000000
394091829 473180870
240800596 279539662
203994191 271135605
272610807 354586366
756252320 784321684
929973972 962719412
36737362 68586543
681587264 759859083
28702583 35103133
