6355 287
22164 23267
45147 46859
44235 47256
37829 41687
20723 22870
30048 32145
33025 37135
23562 27040
18228 21229
32474 36593
13127 15966
47188 50000
15554 17551
33532 35356
447 2357
16663 21024
1397 5494
11174 15551
35433 37963
35608 38420
493 501
340 4903
7555 12441
35972 38077
43261 45606
7007 8566
3719 4617
16558 19512
32624 34548
21599 26531
25453 26015
1902 3802
31383 32814
49490 50000
47865 48686
1150 2463
35411 37172
10647 13424
24560 29036
6866 10699
8455 9035
48850 50000
49091 50000
9411 10329
19713 22349
20683 22977
45747 47858
46094 46284
36431 38453
17085 19318
28546 31297
37623 42350
36194 39451
15349 18921
17011 21613
49623 49851
22190 22833
18526 22050
22299 22687
9259 12183
38903 38919
26927 27204
6570 8196
36709 41047
45158 47168
35501 36626
2472 3845
13120 15271
40051 43076
20914 21978
25850 26593
753 756
27486 28085
27268 27670
25951 30408
43180 45592
19493 21358
38033 39319
40078 41259
40651 44176
11056 15806
3564 4254
584 3279
40898 45303
10977 15620
33386 38218
40286 42688
21964 24705
8047 11789
47697 50000
21773 26575
46340 49674
26118 30611
20179 23602
42602 45080
48522 50000
35579 39770
8466 12907
12147 13455
12789 12975
45776 46315
29145 31076
22700 23832
49435 50000
31948 36503
23270 23345
1678 5822
45335 50000
32700 34062
1741 6223
41171 42796
13994 14019
30660 34039
37169 41960
3161 7558
6875 8386
20097 20178
35926 38122
6785 7467
15179 17936
31557 31585
3305 7257
1615 3943
26122 28529
20056 21533
29778 30283
48875 50000
44376 44839
10341 13848
2782 6206
30655 34670
13092 15949
43387 43902
34510 37416
21553 25380
37816 40800
30556 34377
13049 13704
27214 31347
5548 10430
17948 19296
8841 8927
44044 44537
18910 23796
6240 6708
34534 38906
21781 26304
35590 38576
16733 18681
8055 12710
27388 29421
8070 12758
33929 35668
28936 31245
32673 36786
30700 33487
21861 26070
22551 23457
31432 32257
38742 43551
46352 50000
24229 26289
39838 43108
6362 10760
26461 28807
47362 50000
24414 27989
49186 49508
2288 4208
48127 50000
43081 47232
10510 13479
13587 15158
13733 17594
18819 22929
8983 12400
130 3714
3641 4549
17764 21610
31734 35312
11378 15811
22112 24848
8624 12802
23989 28871
7152 7617
31859 34106
18920 23522
16378 17882
46634 47467
33304 33866
39694 42197
47460 48564
14503 18371
18575 20483
8547 10411
15458 19117
13196 16392
2889 5596
39971 40847
49927 50000
30098 32699
11131 13647
24653 26456
18537 18939
9984 11773
8647 12548
9185 13550
37021 39717
11169 11787
45278 45910
20566 24694
15881 19106
16963 18738
21486 21750
44065 45962
32582 32934
20019 24901
18812 20230
12167 13148
11875 16180
44078 48448
33503 35783
12898 16486
24639 26569
46927 50000
20852 25469
27963 31985
32765 33669
27451 32184
21492 22809
46657 50000
5901 9483
42830 44617
41790 44194
20615 22460
4704 8232
25629 26206
49881 50000
29164 33268
27176 27905
38299 41423
28120 31512
40605 41755
21955 22046
24104 27844
20767 21949
44284 45566
15599 18192
25667 25748
43957 47169
7159 8551
18058 22673
26004 29308
43144 44800
24903 26114
25017 27865
3092 6123
6466 10735
14105 14583
2089 4511
46405 47968
24247 26953
39394 43037
16460 19353
12748 15462
21879 22481
23175 25702
7723 10489
36911 40882
34973 39253
44887 47659
41040 43413
27745 28284
32398 36745
8640 8744
24788 25174
6793 10975
21834 26660
11089 11859
46566 48436
19340 21395
39989 40676
31786 34841
19213 22091
36212 36615
282 5272
14293 17293
37892 39570
9102 10759
22142 23456
14281 19153
49337 49821
17479 20652
8169 10393
46962 47926
19001 21269
35291 36126
44387 44724
26540 30419
39723 43025
41445 45385
3479 7022
41641 43708
4148 6224
40934 42802
17017 17171
4788 5623
6388 10603
37145 38977
11661 12094
1034 4519
33650 37877
30463 30897
563 5193
26741 28047
12052 13426
45923 48603
45946 46502
45061 49829
23275 23795
25566 27114
5534 7991
43438 46920
42281 42732
15028 18114
13494 17136
14606 16977
16496 21294
37438 41154
3759 7242
39251 43431
15300 18349
10531 15136
7484 8327
2540 5569
3020 4335
37056 38135
18871 21197
18208 22015
12871 17666
18128 20361
24039 25142
41392 43253
30313 31955
15617 16061
22880 25240
16478 20484
41296 45557
35130 38840
19624 20184
9893 13069
24275 25606
42311 45058
38018 38729
63 4182
3314 3713
39983 43934
13877 17939
35116 38085
47739 49159
48759 50000
43269 45651
49632 50000
22753 25577
10689 10789
47345 50000
3336 4364
22907 23641
7815 8580
34798 38866
37190 42153
25762 30542
38795 39490
24526 25918
26954 30074
45585 49016
45830 49025
33285 35627
40072 43184
31034 32419
4103 8128
44824 49630
44513 48825
47461 50000
35442 37701
16179 16348
40542 44653
36276 39798
22319 27028
28659 32285
47497 49265
20043 20877
37572 38195
47689 50000
23199 27387
29626 31776
6267 8903
40476 45177
42935 46768
30551 32012
42383 45797
48814 49913
44050 44488
41174 45501
34838 35856
9233 14095
6251 9979
10543 13175
11421 15885
2800 4050
27735 30491
28898 32771
22805 26793
17163 17888
34072 38361
28563 31534
35135 39093
21997 23693
14823 14961
46871 48491
5302 9835
31162 31771
27382 27914
30496 33023
20070 20269
15913 17629
16940 21301
41608 42174
7005 7778
41664 41670
14207 17666
21049 22184
25013 27283
16686 19480
15907 16089
19689 21158
41575 43645
39857 42044
40713 42275
6255 10920
19628 20462
30590 30793
46171 50000
27384 29524
14432 16130
1457 5126
24541 28940
21483 21998
21272 22204
15336 18369
35343 36585
22666 24992
858 5597
46401 47089
10607 11325
26955 27294
35156 37428
40600 44721
36603 41211
18162 18797
19749 22714
27325 32167
9010 9994
7096 8440
3516 4640
7452 11357
17038 18248
48220 50000
47802 48039
45197 45208
32645 37472
38998 42185
38271 39688
48628 50000
22695 26327
26246 28566
18136 21846
38515 39620
46930 48903
10459 14592
2638 6290
12981 16955
8571 9809
3675 7718
34184 36466
2911 6063
13436 14036
47422 50000
47856 50000
14337 16421
11426 16101
23716 25202
31605 31680
23834 26052
7748 9773
13739 17675
1223 1699
6082 9897
28194 30178
26116 30809
40967 41655
1951 4047
6606 11323
18529 22197
39648 43120
23351 23458
19915 21829
8562 11581
12551 16837
17020 19280
8634 13005
16950 17566
37170 37511
29356 29998
29923 30867
16407 20973
37839 37842
23403 26944
17499 17922
1206 5285
44282 46628
11190 13087
5317 6641
30274 33706
16624 19576
49155 50000
35253 36801
46162 46312
12032 14963
35246 37680
1435 5647
35653 38627
48795 50000
40962 41283
4694 6132
34115 35683
26738 29550
25750 30245
38818 40688
7960 11719
5963 7803
49270 50000
35439 39476
21338 25587
6269 8255
38730 39927
27798 31494
11072 14554
48244 50000
49084 50000
28853 31259
22726 24454
12648 15925
26614 28588
14479 18219
28576 29948
25347 27386
42765 45728
18498 18593
12937 15836
22296 25199
8237 8778
49830 50000
2662 4547
20499 25484
40396 44564
15288 19408
30373 30854
37598 41246
45243 47071
17122 20560
5118 6714
20735 21573
43886 47643
43923 46249
3507 5060
27557 32160
34242 38193
9376 10650
28368 28850
34811 39260
25828 26093
18010 18025
27603 28906
2335 5165
33469 35832
13888 16189
6074 6953
6972 8719
33201 35547
49260 50000
31647 36632
29966 31466
2307 4946
13320 16168
33493 35025
8219 11915
41942 45917
19624 20270
34113 35477
11945 16334
13499 15592
13006 17294
3196 4258
48995 50000
49442 50000
21295 23828
10312 13881
124 2744
47367 47860
3968 4644
22450 25205
36522 37124
2840 6222
583 4067
13924 14074
45460 49415
9814 9833
25135 29885
44098 46398
8552 10371
33527 38000
42690 46583
11761 16392
10340 14242
1792 3294
2442 2520
9235 11915
30156 30490
48496 50000
29871 32844
28414 30260
16578 18460
38438 41204
15632 20136
24063 25797
1891 4291
34618 38849
31954 36117
11756 11773
1032 3877
26047 30862
26007 29130
19076 23583
32373 35182
3184 4866
19064 21868
7533 8989
15657 17115
16168 16658
40714 43974
2028 6773
42794 46193
32663 33665
13120 14997
3209 3270
29382 34269
48408 49464
4936 7700
1874 6057
3338 8210
43648 44091
25119 27509
47229 49183
32271 34187
11763 16444
40221 40924
31570 33466
21938 23726
5069 8385
14486 17951
47571 50000
11754 15346
41005 43843
10531 10863
49453 50000
48686 50000
44 4500
38059 41717
23428 26451
9719 12987
850 1004
1635 1824
47891 50000
19442 20722
14175 17392
31312 33880
29274 29636
14328 14606
1244 4830
44921 46313
38916 39750
38813 39693
13183 14525
20726 22149
22523 22711
36072 39238
22886 25783
43499 44258
27778 32570
2806 6823
26310 30515
17721 20854
16942 18451
46827 50000
9405 10430
48253 50000
25446 26396
32183 34043
40888 42477
37396 37824
955 2792
18951 22612
47165 48292
32243 33451
542 1527
12771 13857
21991 23043
22153 25389
2800 4517
48004 50000
8401 11397
41796 45047
18444 22160
48413 50000
7793 8491
9153 10774
49336 50000
13660 16210
20976 25203
23762 25467
10962 14006
25887 30724
27374 30258
31199 31914
47302 50000
2111 7102
2558 5782
16013 19460
39223 43288
14510 16491
38223 41586
24583 27705
41480 41906
19502 23867
44104 46333
8274 10096
22521 23644
22695 25745
14013 14560
3909 7704
14525 16302
22037 25133
22552 27139
21010 25103
22249 26039
14295 14913
44787 45896
18827 20983
32356 33091
7347 7634
19747 22467
30085 32214
16525 18731
43115 43345
30101 34912
19054 21375
46692 50000
8447 11262
48891 50000
10541 12453
5158 5180
11657 12698
11 618
17562 19469
23182 26057
5812 8754
16809 17298
36260 41073
27396 28493
22423 24992
4013 7615
16116 20349
18420 19136
6201 8109
2356 3758
16456 17232
46673 50000
41296 42216
42659 46685
47298 49226
34652 37212
45518 46982
14381 17406
15007 18577
49697 50000
36057 39306
31185 33999
38323 42672
29867 31262
46741 50000
22253 23248
13843 13910
16596 19737
35153 39564
32916 34286
9452 11040
12924 16436
7376 8848
27083 27993
26847 28549
47650 49714
29513 32013
32691 34507
23448 25241
44236 48922
15300 17204
16014 18134
31121 33356
2541 6887
11365 13367
1308 2405
9092 10800
12697 13098
4522 9397
8927 10245
38446 41611
44046 44848
43575 46749
2094 3248
26870 26913
16672 19175
49848 50000
12345 13773
37323 40459
28043 31131
35302 37104
38407 39668
2581 5776
44356 46616
29353 30985
28321 32339
34262 37946
33487 34170
26870 28231
26666 28385
49296 50000
13020 14974
20448 20543
31994 35852
20156 23526
14113 17692
47392 49031
22517 25192
49180 49295
30350 33238
6266 6570
19776 21821
8353 8531
31300 35453
49201 50000
9842 12869
34100 35071
17579 20865
24058 26674
33385 35234
24738 25724
9902 11759
35186 35999
4655 6764
9369 11485
38929 39266
17783 17843
25714 28236
43964 48704
39590 42765
27971 31559
31198 31212
28710 29288
31003 31436
17174 21784
23303 25475
22398 26222
23116 28108
17172 21108
16520 20053
29016 29294
22212 23303
29141 30647
13799 14176
10967 12648
26004 30685
34754 36533
49356 50000
31068 34113
13034 13966
24004 27155
46138 50000
10717 11442
7504 10892
27922 29776
24057 27119
19968 21580
8415 10109
26411 30439
25027 26360
2533 3722
555 656
29683 32430
22074 26740
36455 39639
22312 26806
8330 8641
33914 33989
5259 5598
33469 34713
7213 11946
46087 49525
8407 12455
12375 13956
38921 42721
15846 16005
4237 4252
48777 50000
37647 42161
34350 35199
47442 50000
7902 11856
16329 19555
2556 3376
22589 24162
38062 40671
37188 40355
6446 6543
36898 37594
9649 14135
22913 26728
19342 24182
17039 19373
46389 47163
35430 37527
13289 17325
14061 14959
10085 10812
33356 34187
30071 33291
3352 5080
35115 36335
8722 11824
38910 39378
48742 50000
5827 10004
10192 15185
4545 8267
33049 33385
21212 24152
17745 21276
35730 38762
15214 19256
1596 1925
35769 40007
41195 45793
31740 33441
17109 18535
45901 50000
20782 24002
16919 19894
20763 24878
12533 15359
41043 41466
12171 13596
38014 41561
38793 43757
48259 50000
17590 19411
1695 2233
12239 15127
30442 33405
27017 31992
16106 20644
39555 43613
4147 4287
29292 32300
49712 50000
27259 29954
8966 9940
12087 12164
6840 10432
44852 48661
10567 12290
8218 11780
4093 5821
723 1374
20543 21320
47730 50000
1467 3175
18613 20560
25215 26972
13212 16035
43828 48564
3954 6066
43097 44538
12587 16793
31366 35472
25551 27387
31372 33814
2384 4570
25843 28001
38019 40498
6642 9076
46695 49760
28862 33422
566 3003
26664 27839
2981 3231
28068 33046
14228 16298
34163 36183
46094 47887
42665 45353
10739 15068
16586 21200
29211 30151
44294 46453
20246 21264
31941 36668
37622 39918
24291 24463
17484 20595
44 1042
48582 50000
40661 42178
29638 31761
22588 24101
23817 27287
1929 3093
10903 14157
21129 23935
15121 16195
16309 20387
42967 45449
10538 11105
15852 19525
48370 50000
38052 41747
42918 46760
47363 48767
12570 16100
44256 46568
26941 27153
16292 20502
6856 8872
41516 43506
38545 39342
33020 35068
10599 11768
4597 8396
1650 6270
18640 22939
48149 50000
39518 41927
15806 19786
26887 26970
27147 27919
14197 17268
5841 5994
10637 11113
619 4557
34506 39358
24600 25778
19351 21872
21076 24801
31711 33141
20216 24123
46617 50000
22121 23054
43516 44345
23051 27064
43819 44663
2350 6777
22173 22950
22814 26605
43392 45887
45937 49893
14691 15928
38508 42850
36530 40697
43420 48129
28485 29379
12270 12356
28917 32442
48745 49988
37277 42153
26845 27646
48443 50000
33537 34382
44178 45107
25505 30434
28488 31542
35857 39384
8025 12310
13700 15462
43843 45068
46112 49240
24435 27033
7793 10467
1627 5303
23909 24277
7231 8029
33154 34270
28859 33243
2108 3525
8548 10781
452 1814
37502 42262
16336 20081
46174 48066
36471 36505
14271 18303
4069 5974
35955 40482
28550 28656
21808 22936
25727 28816
45819 49065
27625 32055
9222 10655
43504 46969
31716 34694
1002 3917
1642 2982
16723 19520
4668 5299
42656 43139
44676 46489
44118 44723
29015 30371
17155 19305
13987 18383
37563 38130
5583 5963
18022 22209
48944 50000
1911 5235
13208 15706
18269 20556
13941 16526
9149 11682
46837 47507
36009 39738
18770 23692
2231 2689
5103 5668
44391 47539
6016 10702
48700 48923
28519 32816
13868 15837
25756 26925
32000 33673
1207 4070
36216 38046
48855 50000
34716 38346
38617 42310
12629 14596
45867 50000
34812 36972
14662 16565
19693 19866
1590 4613
9940 13878
2056 5352
13110 16938
39308 41942
35074 37055
21985 26114
20462 24129
10846 12324
18495 19176
29596 31598
45098 49639
1852 5321
4047 7121
10695 13055
44440 46748
40770 41917
46002 47409
4032 7385
48132 50000
14781 15086
14293 16343
37100 40392
44117 46900
48291 50000
31540 33840
3194 4879
48497 50000
8244 10246
23644 28025
18850 20719
48347 50000
8550 10609
44544 47367
18778 23029
6667 11422
40319 45267
34232 38173
16536 21190
32145 34059
5916 8412
20362 25220
40968 41512
20142 21620
42658 43834
20356 21270
25599 29843
19389 22829
36464 36996
20620 21810
39391 42604
43300 45810
4222 6173
36663 37243
5700 8432
23798 27836
21527 24913
13460 16115
48553 50000
27536 27726
10651 12622
12462 15588
43488 45711
46479 47554
32401 35108
15408 19759
31099 31460
38457 39825
48371 50000
42786 44208
14246 14312
15187 16341
11670 16416
41373 44001
2000 2921
27413 27680
23010 25220
37032 38682
43033 43641
22587 25516
2567 3106
33642 36634
28681 32095
39037 39488
15852 20549
1048 2060
46946 47405
49944 50000
8691 11884
20710 22038
26265 30454
39679 41823
35241 38842
48519 50000
42199 42241
47205 48751
7045 10786
15096 15532
13715 15276
36256 37765
35414 35587
11778 13640
19976 20311
18171 20729
2915 3396
48595 50000
45919 50000
39185 41356
13518 14500
5682 7210
37502 37743
22138 22557
31053 35237
42942 47312
37505 40265
12916 13341
11771 14224
40510 41593
13372 13976
37813 42740
2375 4516
40788 44607
28857 29781
40743 43476
8263 11030
2354 4410
49141 50000
24061 24421
639 3966
2602 7080
423 2968
43443 45328
1338 4375
32831 37797
35022 39592
18317 22128
27612 29659
33111 34099
4753 7157
14417 15953
10035 12792
4130 5349
8374 9165
29806 32173
46471 50000
34264 37027
9864 12878
20440 20740
26932 30383
24667 27035
38051 41509
48061 49970
8076 12848
40283 42977
14357 14936
44670 46565
5358 8903
11572 13845
31507 32740
10217 12144
20867 24889
5594 9957
23655 26127
13738 15571
28343 30795
29291 33943
3601 4745
2566 4222
36389 37330
6419 11015
24871 28611
25868 30276
13627 15675
12196 15945
14802 17727
33077 34515
29864 30096
26142 27181
31159 31203
1098 4654
20359 24512
46602 49653
8311 8341
40785 42717
404 1519
28225 28347
15182 19172
27466 31354
6382 6502
28356 29440
42634 45040
31511 33956
5677 8930
4063 4623
48856 50000
35338 37077
12114 13209
47531 47855
31166 32209
15020 17281
1470 1956
514 5142
7656 11180
49208 50000
37626 41700
14253 18961
15892 19113
8534 10735
27586 29189
1267 2925
23118 23365
33558 37456
32567 36900
20277 23495
9765 14605
25704 28939
13694 16492
15208 15810
33431 34680
12655 14259
18406 18545
24012 27523
19089 21377
21966 23027
9352 14253
39928 44495
456 2230
1641 3352
11657 14682
2988 5516
41269 44942
31740 35591
5893 10812
35984 40852
37662 38815
10164 12634
14274 16712
28231 29756
13847 17491
33173 36549
45967 46460
6913 8610
11346 12473
5442 9934
26225 30935
48488 50000
41026 45002
46472 47172
28045 32932
36796 40318
25611 26923
16981 21425
1215 5622
39721 41521
28454 29035
20357 21521
30549 35433
13029 17467
6161 8056
41264 41804
392 3573
727 2526
19531 21098
27745 32240
16926 18515
39404 40242
6351 11228
37946 41528
33705 36283
19396 20227
26108 29056
10964 11849
9342 12045
4085 4161
13654 17112
27197 30757
11760 12439
34214 37061
17587 22570
9853 10551
3163 6171
34790 37714
42018 46054
14320 16652
3541 4031
39530 42288
9018 13482
9933 10944
45861 48762
31446 32035
40473 44552
40296 44303
42226 42443
6890 10132
49951 50000
26857 29882
30004 32869
30344 31542
6336 6878
18085 22589
25652 28725
27790 29189
12886 14733
24484 25523
46282 46463
9782 12371
49758 50000
32409 35643
30906 34584
20774 24184
46826 48540
33704 36646
6676 11389
1324 3942
5885 6689
44341 48146
11723 13978
13088 17281
28229 32954
18364 21053
46573 47408
20193 22776
17188 19048
45148 47005
3778 4620
25486 27732
13225 13583
48178 50000
14316 17050
17552 20915
7868 8694
11966 15709
37 2855
49923 49925
11455 14844
20399 24798
5788 7483
27466 30631
29981 30013
45031 47829
20234 22940
13851 15475
5750 5924
27485 27950
41965 44175
37696 41630
44784 47733
38398 41004
45158 47084
18208 21102
37079 38554
45572 46463
34696 39429
45456 48130
463 588
48830 50000
7442 10643
2508 5344
42612 45363
35023 35893
21337 25117
44804 49544
19076 20546
457 3410
13266 16624
13031 14296
2208 6423
35092 36336
28994 30023
12547 13821
12763 13056
23825 26468
14549 17201
24628 26797
26571 27595
44844 48031
16900 19365
21914 23584
31520 32419
48904 50000
28853 30016
27861 29876
12042 12242
1107 4453
14966 16311
23476 23662
19402 21352
49644 50000
40326 40952
43195 46674
25377 28507
41891 44846
42303 44865
45295 48303
25477 25870
25410 27250
29950 34714
23763 23863
34044 37498
19581 21591
37208 40683
32033 36961
5368 6283
2685 7184
13834 14019
5517 8327
37584 40197
14653 17984
46177 47422
43174 47108
1279 2446
11943 16870
46873 50000
3513 3550
37790 38729
25214 26533
42325 44632
11609 13541
21704 22624
3892 4301
16715 18707
34905 39245
22535 24646
5999 10009
49058 50000
31333 32513
42991 47064
42209 44636
40946 41974
48553 50000
38673 39912
34386 36227
18234 20318
1660 1892
41515 45175
8705 10724
9404 9824
37952 38269
8428 8794
40279 43958
43473 44211
45300 48645
13903 16250
29520 31793
41145 45009
41259 46071
6686 10990
15337 15914
36417 40663
14653 14945
10803 12432
553 4601
5774 10146
39949 43357
47646 50000
16472 18898
17020 21305
7424 8059
10323 14011
17851 21916
33687 38125
22482 23036
46735 49873
14576 16666
40853 44974
42307 44478
11716 13479
8663 12116
44606 45367
34077 38701
31680 35051
15487 18333
2547 3074
35658 37520
36847 41108
2973 6473
11342 15601
20139 20244
33484 36091
2931 7592
41990 43450
7038 10346
46139 49554
47536 50000
20343 22239
37112 39056
28878 29344
36353 40199
13053 16928
10175 11713
31714 35793
35651 40014
26010 30304
782 5011
31039 32941
46035 50000
18341 22619
29403 30475
22874 26847
42415 46762
8813 9873
46804 47236
26337 29682
13457 17748
48343 50000
2669 6982
47230 48830
8268 12273
13453 16391
29133 34079
12598 16332
32720 34761
8074 12722
11335 14782
16130 16631
13131 14622
28430 29557
4671 7038
49803 50000
15577 17531
23866 25826
16648 20766
9750 14109
42611 45816
27664 29260
16041 16194
42810 43294
28405 30746
18327 18953
36745 37378
30816 33148
27988 30812
11775 11793
7060 9602
24865 26193
30757 32263
26069 29316
42958 45326
38988 41162
46765 49248
33030 37997
20510 25405
28436 28820
45460 49133
3994 5703
35270 37976
47575 47889
8970 9006
20162 23947
42078 42663
30118 31044
1480 2882
19688 23694
24827 28254
18901 20438
38848 41047
13814 14179
19512 21965
13504 14785
40588 43367
17807 18031
25783 28060
31761 31823
13349 15399
12392 15318
16021 19562
29600 31596
14778 16971
9553 13966
38203 40489
14454 19019
1264 1883
22790 24685
18072 19697
25830 28599
39885 42359
16508 17447
19966 22389
425 4972
12683 12735
1971 5665
3400 7913
38444 42160
5893 7138
38560 41690
9461 10878
37284 39326
34485 35792
31884 32116
14467 16675
29515 30144
276 5198
6857 7664
43959 46046
11321 11605
16604 16869
46364 50000
8086 11161
31895 33211
38434 42043
37662 40308
20864 24822
42074 43821
16106 20339
18991 19328
33127 33858
46595 47702
25146 25449
35337 39799
32166 32259
26130 27535
7756 12709
24222 27064
15881 17259
18592 19088
47651 50000
38577 40209
24729 26884
14966 15885
26573 29311
33621 36974
32174 34824
41090 44450
44543 49409
8657 11446
13422 13553
39621 42931
7370 7572
33794 34833
12096 14665
10193 11657
18669 20416
2019 5835
48270 50000
25590 27820
48169 50000
17316 20708
30470 33239
40728 45094
30200 34412
45176 46608
2541 7536
23926 25557
43953 46107
23082 23293
19302 23358
46124 47854
33609 35025
32981 33507
5981 9281
27885 29992
27878 31103
47972 50000
32126 36479
15165 18938
32004 33380
45663 50000
21274 24124
20558 22428
46288 47155
17348 19661
11539 12318
4392 5092
13776 15176
23525 27056
24545 26618
7533 12038
22443 25479
10441 10955
19731 20516
3978 7952
7364 8624
39620 43125
20568 22935
43315 45089
32352 35760
6446 9585
18342 19480
12752 17705
557 2473
5575 6827
36564 39784
34280 35769
12658 16014
16158 17274
43967 44555
21643 23411
45516 50000
5835 9138
12267 16583
42243 43203
47216 48619
42427 47220
156 2473
34435 34654
19673 22357
47881 49826
19887 23419
26239 30768
29971 32737
9843 10049
40583 40723
32198 33137
34654 37963
41734 44324
40298 41816
29248 32111
26814 26887
10769 10779
46894 50000
33386 37600
30542 31986
23694 27027
23811 27806
9061 12468
26498 26596
32800 32874
2216 6035
16545 19565
47628 48329
31747 35976
31755 33495
41796 44587
27734 27961
1281 4745
30048 34884
29913 31745
28912 33798
43405 46425
45174 46856
42348 42496
28232 29438
18933 20441
138 3170
34393 39180
6357 9186
6144 10205
41730 46427
30101 34624
40016 40052
7316 7720
5992 7780
6776 11083
34772 38464
33203 33837
49872 50000
15214 15899
27327 30123
14067 17574
16860 21842
21572 21673
25657 28171
38063 42373
27158 29217
29785 32800
17669 19504
46011 50000
41174 43668
45977 47922
1037 5528
34391 34713
10803 11708
45250 48193
33025 34584
25714 29900
28956 33599
32363 32742
20257 24608
44143 48086
19804 22182
17351 20983
6665 7733
30954 35758
12262 15596
17982 21077
33421 33521
27460 30444
32645 34640
34721 39031
12490 16502
1534 3883
38157 39872
14147 14403
13580 17202
43604 45654
18872 20645
42613 44772
42587 43624
20920 21888
1217 3194
41692 45063
18632 21461
24097 24693
1479 5341
42365 44121
27390 29552
11149 15582
14335 16668
16458 18660
45430 48576
11482 11855
40535 41171
32203 33645
42222 43517
16433 17426
42487 44286
12089 14346
2381 2660
27608 29936
4320 5026
29963 31691
7196 9620
29243 34111
20878 25485
12173 12386
8601 11612
7948 12089
2898 7356
14756 18580
21303 21913
36420 37325
29953 30126
23475 28325
47012 48518
41668 43024
34814 37073
30530 31344
37669 40516
46011 48098
38113 40961
30172 30306
47722 50000
19632 23791
8502 12434
49804 50000
7873 10395
41675 44634
43630 46722
42995 47024
3460 3957
35248 35719
33699 33848
22038 26236
6815 11099
45785 50000
19705 22996
12443 14696
17164 21141
43865 45033
17673 22065
17352 19453
20210 24176
31660 32736
8296 10646
2774 3899
38563 40448
46648 49638
44544 47141
9881 11674
11936 12393
18350 18931
45628 45824
23749 28438
34483 36736
27636 29257
18026 18263
14100 18149
44708 48857
47950 50000
13826 17507
30915 35638
25441 25983
46400 49085
1409 5467
15799 17912
29256 30246
32137 33808
39036 39140
6776 8851
28873 29108
30894 35458
23976 27469
4610 8584
25870 28719
22093 27087
8365 13063
38948 41775
12279 12717
36692 39835
46821 49106
20619 24008
35104 38992
41221 43432
29697 34203
2597 3663
47079 50000
47619 48802
17854 18680
15210 18859
44523 44960
34478 37132
26863 31293
34857 38276
42888 46850
15757 20706
33148 36258
29538 31417
13665 15334
15136 20064
39198 42765
33512 37750
1222 2175
16000 16474
12179 12604
15686 18183
8089 12383
5775 10155
34251 34779
29981 31534
890 1264
25207 25788
40168 44057
44280 47395
44411 47118
4723 5978
32688 36845
29842 31422
16959 19062
41145 43018
49430 50000
12383 14365
18831 19974
24859 27061
14636 14966
25614 29908
41377 41980
7757 10707
14260 18307
14505 17459
21345 25974
39211 41862
1587 5396
14859 17443
28513 30596
15386 16799
48282 49272
28447 31832
19493 22873
13548 14986
43022 47403
30030 33776
37690 38502
16783 21279
23249 25513
6156 7616
19532 23344
34263 34533
17340 17809
27183 27701
29265 32091
26743 29997
33674 34885
9067 13177
9760 12750
26950 27065
29664 34654
160 3496
21707 21923
13592 15439
22955 27691
124 3062
7248 8899
39643 40081
29521 30264
33561 37502
39832 44558
30360 34731
42649 44013
33607 33990
27770 31703
3038 5709
44802 46010
37835 37942
43044 45538
1143 5321
49168 50000
24292 27001
34736 35903
8911 10671
248 3733
47063 47756
29578 33638
39133 41393
25095 28429
26852 28199
29299 33094
7543 12237
49085 50000
8147 13114
12203 13660
49951 50000
47889 49524
47137 50000
15348 17548
49189 50000
45641 47809
49624 50000
3783 8267
10899 15407
2725 3539
48208 49725
31677 34938
32491 35659
5887 9534
44701 45106
20426 22252
21816 24365
48587 50000
43799 48298
31109 31786
3815 6463
40369 40650
31154 35218
39684 44426
18597 21489
32667 37662
19878 22670
26144 28656
10048 12361
11760 14517
40016 40333
38887 40655
38759 42587
37407 37921
30477 34246
11359 15022
20661 23562
8041 8671
32049 35415
290 4542
3429 4648
43609 45990
13838 16313
2099 3567
10370 14876
8703 12006
29848 33031
40295 44615
42852 44964
29728 32476
29336 30240
16063 16250
33445 36045
46135 47752
34446 37626
14091 17913
7745 10098
10632 13057
22587 24540
38897 43116
1145 2409
9820 14055
35139 38503
13757 18575
17986 19496
35458 37913
30849 33206
26684 28757
45053 45204
47200 50000
36495 37737
11621 16146
23450 23668
27825 30138
37036 39618
23813 27130
3990 4688
16826 17221
44999 48126
14076 16611
41904 42905
44017 45613
193 3149
9916 12778
41616 43398
18970 20424
36509 38645
49237 50000
29880 30647
32973 35549
40134 44020
21977 22078
30722 34969
1818 5272
661 2302
205 3214
38937 39159
3639 8076
31464 34336
18066 20773
8314 9573
43846 47371
16982 17115
29106 30746
12191 14955
1718 5387
11226 15312
8000 9879
36635 41006
48276 48622
13884 16120
5670 7751
13412 14494
37864 38261
13853 17603
12678 16271
45439 46188
1730 6097
49878 50000
43977 44203
2599 5326
47299 47649
1555 2420
32375 34622
5839 7042
35139 39943
47631 48976
34991 37372
41237 44906
3010 6048
37654 41244
42049 46885
47297 50000
8551 11674
7684 10969
4922 7883
46460 50000
10043 10646
11124 16072
20092 22131
42502 44687
25205 25778
31607 32421
4086 4582
29827 34153
9271 12587
35453 36741
27970 29817
20395 21371
9948 13872
45809 45880
10729 11017
37901 40129
17100 20557
5838 10434
41384 44737
27867 31667
46069 46621
22101 26312
33025 34100
23565 26028
25295 25895
14259 19224
31160 35314
29867 31411
32591 34904
34982 35877
37068 41956
42983 45664
6796 7432
34386 35282
28255 29968
22074 22758
9602 10385
2546 6104
29112 34046
19919 23504
31639 36097
6020 8139
30216 34012
2988 5120
1631 2222
48773 49687
194 4010
37207 40246
3997 5259
2024 2564
4698 9082
30948 31343
14502 17417
490 5059
5604 9034
47189 48013
26251 26253
30308 35099
19142 19972
23364 24036
35314 40052
20524 21295
25846 29871
1783 4626
10908 13930
46471 47906
24917 27897
21106 24306
14183 18222
24297 27878
30952 32708
1897 6503
42675 45308
18839 22651
47881 50000
1228 5024
24816 25808
46681 50000
30624 34949
23447 27817
30759 35112
20598 25221
8411 13227
9759 13636
7022 10302
49004 49695
4586 7556
13996 16888
38954 39616
29315 32774
40215 43235
42304 46207
19210 23773
44954 46507
3847 8829
49252 50000
13607 15012
3897 5244
48347 50000
21177 22849
10008 10883
45939 46846
40725 41279
3012 7465
40394 44219
26229 29536
25373 26954
2624 3378
13290 14179
24392 24969
41006 45164
35237 35313
18022 18377
41907 46826
18252 19336
4502 6123
8945 13795
26039 29404
23302 24076
47431 50000
31645 36156
22726 27477
43229 47080
20084 22504
22881 23239
20395 24762
47732 50000
28454 30609
27440 28658
15827 19721
1137 5807
46140 49701
41498 42516
4682 6663
37957 39926
43980 47286
33653 34657
7653 12004
432 5208
47885 50000
40835 40956
43218 45811
24765 28434
5028 8122
3198 3578
24511 27467
44747 46019
14627 17494
10058 12818
13142 17988
26579 30791
1411 3089
23353 25835
986 3453
48107 50000
14243 17592
32874 34432
24950 28904
3613 5246
24619 27584
42470 45506
19980 22930
31731 36620
42468 44682
31970 34889
40499 42032
27552 31791
3340 3802
29643 34423
8500 9407
3192 5674
6590 8813
9956 14671
21396 24251
22366 26651
14645 19478
25246 29249
2778 2992
41893 45025
25453 27562
38269 39421
30050 31232
8613 13280
5551 6996
17853 20903
45720 47558
23285 24391
38659 40348
24823 24919
24763 26693
41416 45495
37233 42142
13641 16636
40921 42455
12512 14431
35009 39980
20822 23314
24094 27777
45632 49980
21909 22878
10556 13233
8570 11720
28159 28249
22258 22573
3185 3403
20084 23865
47016 49505
5458 8136
30882 35265
15204 17277
17868 19594
46592 49038
26336 30258
9862 10695
40099 40717
24307 24577
29506 30603
5235 7428
7741 12729
19548 21681
827 3797
22321 25886
3962 7594
48031 50000
19271 20232
30435 31826
4183 6532
10770 14276
40085 43182
44443 46891
46892 50000
30667 32247
17473 18156
39101 40961
48428 49807
29630 34018
44708 49584
49948 50000
39903 43634
15814 17817
42485 43646
43778 46094
4569 7297
8815 11697
45824 49836
2177 4850
28391 32238
47899 48024
3302 7184
22518 26059
38965 41404
44182 46908
4052 4828
20302 22189
44820 46133
33661 34454
25519 25707
40109 41230
11409 11963
21290 21308
1397 1795
17280 19962
28623 33182
7663 7827
9879 14189
22735 23513
40500 41409
19764 20287
4517 6806
49742 50000
41662 42025
38285 40610
31802 32919
24239 28952
18937 20877
19074 23806
31849 32118
44673 46942
18973 21088
32871 37026
47809 50000
23987 28026
11145 15603
49861 50000
22023 26341
49860 50000
28108 30505
1193 4071
24090 25872
8285 8486
14517 16883
13841 17441
12869 16352
5440 9436
29031 33598
34236 38704
26023 26998
6272 10789
24639 26239
30302 35169
19749 24039
1845 6374
20327 20691
15823 17921
35853 40377
39409 39596
28646 32574
26226 28103
5668 6605
222 596
2858 5661
48921 49409
47488 49657
14876 15520
11385 14963
13103 15786
36015 38515
23147 25787
40920 45779
7803 9989
41862 43472
10739 13931
43149 45867
40944 42147
25243 26873
36812 37191
11949 13308
33649 37445
26922 29821
8418 8562
29922 34524
36339 40576
10348 12277
21528 26469
29991 31993
2795 3192
12503 17088
9810 11960
33555 37520
12796 13975
5407 5420
48858 50000
21950 24928
17392 17936
8961 12787
44295 45310
20558 21944
8830 11650
13998 16926
727 1710
38152 41909
21876 23923
15265 17833
48726 50000
22225 26991
2838 4106
25682 29023
19697 22388
5296 6201
22913 23543
31892 34883
594 888
46329 47181
23634 25452
9999 12601
44845 45551
5137 6208
45458 47233
24613 25401
21836 25400
24565 29535
37919 39129
41972 45148
8723 8906
6403 7140
49656 50000
34909 39120
17284 17610
33785 36921
42937 44486
19261 22453
3680 7564
7496 8460
24108 26119
42035 42628
15264 16406
2955 3256
24713 27750
28979 33788
38593 41816
43060 44977
18992 19382
17631 22177
34102 38689
23077 24357
20812 23617
45348 49115
22144 23402
16113 20187
11845 12585
11589 11771
46842 47220
15607 18406
39443 42205
30799 33407
19912 21990
49524 50000
42887 46783
47541 47783
16725 20331
30040 32795
11701 14365
27656 29913
20453 24609
48654 50000
29495 32417
17350 20482
26212 26522
12582 17533
28388 31166
29852 34297
20712 23553
21691 22391
41266 43855
8680 12511
7433 9141
49851 50000
22398 23022
49251 50000
5576 9716
40769 40845
25339 27629
11905 15741
13240 17114
16094 18154
31444 32428
18662 23211
29713 31228
30584 31678
38189 42431
36383 38633
41962 42091
14304 18709
14874 16332
25067 29846
35897 37699
19948 24669
24597 25594
49016 50000
44097 48722
5174 5706
41941 45926
33085 36060
42470 47217
33515 34824
4941 6203
30538 32271
31877 33089
43466 47769
12716 16889
38117 42050
28763 31277
26367 28295
23877 24288
39424 43688
34444 36327
45875 48793
30219 35142
25181 28150
12365 16063
15582 18274
39288 41956
6689 9961
44265 49201
34908 37665
15670 19244
72 4979
12384 17090
16978 17759
19882 23269
37459 40262
6114 9531
1841 4102
13141 17550
24025 27007
11461 15841
16206 17505
43778 44955
12918 17783
12912 15902
17342 21964
31245 32936
46456 47926
804 5078
25175 26309
47279 50000
15090 17325
34161 36606
27497 29476
47536 50000
14305 17781
17701 21118
12531 15902
10134 13492
30589 35053
20762 21891
42756 43714
34799 36430
9812 12267
42085 45957
44969 45548
28434 30640
20666 22175
42896 47020
38217 41760
47688 50000
13037 13240
22806 26206
29067 32882
14252 16517
20895 23877
43389 43609
3583 7354
11765 13597
22416 24335
27012 28393
48414 49109
6378 7564
27922 32533
42744 45836
7810 7911
26500 27938
1663 5993
51 2318
42577 45830
17728 17914
4403 7882
28727 30150
21078 23716
29314 31104
2503 3152
29313 31932
16438 20552
30854 31195
46897 50000
1901 4901
36338 38887
29353 33401
24070 29012
22899 24346
15629 20391
13242 13577
35535 39321
35471 36341
12148 14385
32617 36654
16085 16644
21240 25871
27577 28913
12430 17349
18215 22410
20375 23559
35942 38738
6449 7522
38703 40144
7633 8251
16681 17764
45874 46800
12837 13989
12159 13306
24182 25126
32163 32616
11060 12372
2294 4880
32111 36442
31752 35257
23645 26764
18600 21329
17765 20619
13344 15238
36343 37641
46625 50000
16126 18518
18893 19625
18645 22614
10670 11481
43251 47978
35219 36507
35559 36200
28816 32242
28674 33128
6264 8280
7349 7681
12701 12757
44767 48056
10792 14800
15115 19579
21780 23278
14233 16146
41408 46292
41128 43302
15178 16631
17411 20592
39856 44292
17390 17417
43043 44384
41729 46523
7430 11153
45044 46998
28464 28597
7095 10099
42812 47791
46953 48875
34768 36185
30646 32884
34657 37859
30129 31359
31701 35944
7334 10332
49926 50000
16205 18397
7056 10944
9241 13903
15226 17630
11552 12638
17284 17309
1890 5914
14017 14506
45907 49175
45535 49847
47714 49386
32222 32871
31495 32479
4292 5961
44135 49086
27350 30276
31232 32052
6963 8077
21593 22045
23269 27698
17377 21749
34772 35393
19684 20631
40339 41427
6990 9298
45364 49633
34801 36393
40029 43375
7246 10004
35131 38288
29806 30124
20557 20645
49424 50000
13549 15974
45648 49028
9533 11282
16683 20926
2861 4710
9532 13560
27131 27526
11683 15005
26075 26099
27971 30153
49683 50000
40392 43477
38503 40741
29880 34351
48927 49584
38066 43014
4878 8335
8338 11621
2540 5862
21743 26675
45604 47864
49332 50000
29158 29652
8024 8455
41394 42118
26452 27796
47938 50000
23058 26438
32266 34577
20121 21889
26665 30762
7850 10975
15771 18654
22770 24697
20393 21353
6180 6514
19362 21681
19914 20553
20677 23296
48273 50000
4211 6426
14402 15455
20194 23261
28917 33911
13648 17455
14560 18729
4600 6491
28975 32473
4290 5812
35189 40188
22845 23695
763 1040
8453 8804
46607 48902
28377 28422
29038 30190
8604 11480
45078 49843
4765 8383
24538 25301
46894 48481
40920 43389
35685 39107
32406 33462
22090 22271
21809 21890
39394 43640
9882 11838
11381 15448
29284 32199
8659 9561
37726 37881
21511 24772
23104 25466
37105 37135
25819 27594
2757 7142
47180 50000
13874 14902
19239 23428
42289 42298
11140 14840
17055 19260
19087 22500
22724 23917
48563 50000
35287 35494
23908 28641
46168 50000
9689 13635
38260 38521
9163 13202
6685 9753
22189 23650
819 1268
39906 43795
40700 44270
12419 13244
15426 20006
35364 37797
30899 34273
49026 50000
33539 37199
44591 46937
46710 50000
48036 50000
32619 33987
28054 29418
34406 37856
49355 50000
16417 19216
9834 12033
34549 39177
6713 10529
15598 16934
31620 33022
19212 20571
13018 16749
46061 50000
30926 33303
29716 34193
7979 12414
14532 17517
29435 31605
3440 4496
35181 37253
28852 32800
46234 47385
46427 48977
44952 46804
26216 27968
1850 6206
4095 8493
8624 10993
23629 26965
26107 29270
11529 16152
22323 27014
32472 35104
5149 5773
40703 41339
42949 43532
25694 30198
15222 16408
2292 2512
24600 25160
24442 24775
17797 20297
41051 45603
36747 38668
47555 48185
4058 8800
30640 32673
24927 26663
47959 50000
31884 36355
37322 40479
8257 8668
13939 14809
44375 46427
2920 6022
33513 35674
46089 50000
30116 33531
39418 42470
42260 45818
43386 46094
9423 13727
28569 30735
17153 20212
12652 15398
2926 6874
31472 33490
44995 45141
18238 20985
48570 50000
21931 23929
41454 41825
29001 31963
22141 24047
29778 30253
25844 29875
35963 40499
6125 11072
26480 30495
3053 4090
49628 50000
348 2496
40159 43819
32749 36591
18866 20159
35839 37506
42261 43043
29506 32665
12373 16955
146 737
6942 7014
17802 22313
15368 19405
48914 50000
45843 47918
5464 9186
35972 38877
40336 43437
4511 7965
13794 18573
39556 41874
14934 18491
16573 17208
44895 48789
31417 31869
23015 27784
2914 2924
34139 36003
39264 39967
21207 25615
28179 30176
14742 16377
7528 9724
27023 31822
47100 49177
2841 6095
13418 16859
21498 23404
33772 36286
32574 33622
32690 34980
40291 43632
25845 26597
42898 44470
13903 14681
31088 35479
25524 27662
2000 4852
18787 21450
11484 15097
30509 31784
28951 29254
42238 46301
22866 26678
16466 19685
7840 9715
44349 45741
24792 28248
29313 31454
6600 11256
38275 42521
38988 39337
28628 32158
45809 49414
13884 18276
1459 5487
2742 4402
5606 7102
22987 23504
14128 15215
46230 49627
23563 27115
47869 50000
44540 44766
19384 20820
27742 30748
32691 36871
34454 38987
44944 46594
15288 19865
44176 45553
36125 36295
4744 8942
16096 20259
3555 4331
12827 16888
16245 20077
3068 5876
5394 6156
16958 18797
8958 9319
49177 49882
35607 37847
9714 12143
11290 12237
49619 50000
2591 3003
34637 37450
37429 40324
36084 38077
1901 5535
9794 11538
34473 39125
30336 31284
48223 50000
22202 24968
37062 37810
17669 19673
31949 34982
9865 12731
27081 29228
30128 35063
16584 21545
44288 48804
23753 25865
26307 30227
12705 13411
11650 12316
21693 22190
30360 35261
11032 11572
23419 25742
18354 22598
10710 14881
8843 10219
27146 27540
49460 50000
26849 27416
17023 20461
46624 47844
39450 44356
39602 41805
9931 12842
20564 22948
30042 33119
25865 28295
34434 37686
38811 43593
48357 50000
21703 25350
9491 12213
13540 16144
35588 37909
6614 6807
43313 44224
48639 50000
33176 35615
25431 26719
8904 12258
12232 16160
16997 18927
44819 47267
32091 32602
47407 50000
31165 31549
28231 31501
27758 30030
42351 43529
38880 42276
38663 39898
34981 36318
16543 16675
24401 29098
27324 28607
13651 15686
35272 40240
31370 33140
36196 41160
49020 50000
42260 43196
46901 50000
1707 2690
35210 39460
33136 33443
34438 36215
7509 9440
37574 38926
11317 15696
42218 45866
33625 37954
22261 25346
15360 17697
22207 23982
14709 17748
30203 30668
25381 25989
11222 12426
40066 43806
17000 19918
11995 16120
7209 9996
35055 38557
1936 2724
29532 31187
25918 28558
3483 7716
4286 5954
10571 12032
46902 49767
36113 38091
43362 45517
49286 50000
38798 42778
44417 46190
5782 6791
37640 40745
24059 26877
19286 20330
35412 39785
23929 28275
19849 21144
24322 28532
41796 43933
41534 45737
42705 45527
25487 30130
14394 16971
44417 45023
15065 17336
39375 41834
35949 38678
6301 9925
5957 10541
7273 9670
19375 22165
24006 24585
29630 29699
49650 50000
25049 27363
17156 19985
10370 14137
48000 48175
32629 34835
5893 8300
17608 20435
46842 47781
33282 37370
14932 18518
14131 17382
11866 12737
4748 4932
31294 36104
32628 37590
46151 50000
631 3905
33866 36946
13050 17991
48125 50000
20503 22326
15827 17535
18304 20320
41138 45186
44670 48908
48251 50000
1138 3083
96 1146
31854 33456
7641 12124
15435 19179
6846 7859
524 5122
748 964
29464 31579
30170 31757
18733 21829
29019 32998
31152 33002
30425 34223
16733 18004
34851 37076
25386 28717
36314 37148
24244 27432
3619 3805
31940 35447
9396 13954
7328 8194
27585 30540
9641 14281
34603 37202
48403 50000
42080 43484
11991 13119
12323 15025
30041 30340
5958 8968
47592 50000
13819 13867
42920 43763
41857 43395
25257 27687
40723 44987
35526 36129
17244 20026
22530 23091
33184 33204
12521 16628
18054 21337
14217 15467
11005 13170
34801 35777
6070 7060
15119 17515
44912 48688
39291 41956
11704 12230
7840 9583
47233 48030
38013 42136
42369 45258
36094 36130
11489 15808
37277 38927
44413 48761
43217 45674
31079 35695
28078 31579
43401 48355
49424 50000
44490 46996
15930 18765
5060 7919
34434 36251
11476 13533
29147 31533
46995 48088
21325 25346
14858 15645
43293 44882
5758 6252
26185 27869
6523 8848
38981 43510
14125 18833
12699 13880
34094 34431
41884 46003
24113 26726
30027 34755
30257 31515
46407 50000
17971 18546
19112 20610
39627 43362
42112 45086
34216 35412
1019 4549
37737 40959
43627 45795
38642 41899
35121 35832
23550 23885
2975 5189
23384 24123
13792 17320
47456 49566
3947 7376
26008 29138
28567 33161
45081 50000
26008 30308
1147 1598
27120 29249
37419 39078
12576 15603
9021 13805
35379 37180
49950 50000
1961 3016
46697 49474
35965 39510
15781 15940
39019 42573
27629 28209
39506 41464
38588 42743
6398 10590
43717 47163
11888 16436
27792 31073
13521 17224
14440 15594
31642 33489
3399 7150
20351 23289
7563 8996
19700 22431
8303 12938
30083 31109
22769 25241
23643 25969
22016 24184
25301 27820
5966 8720
6419 6698
14816 18262
9447 11145
2417 3222
10822 14631
18486 21402
16499 16987
8851 9445
33071 34789
21972 22159
36155 37207
28478 29923
33200 37361
12710 16379
6222 8933
14748 18151
24813 28273
41912 45928
8217 12175
19033 22149
6990 7037
11725 15645
12655 14804
48674 49303
46652 46880
30274 35054
29868 31907
5637 6439
9458 11524
19688 19716
40667 42528
33864 37635
6402 11314
17828 20307
37541 40726
21193 24563
13036 14648
33489 36189
48350 50000
29709 29904
41355 45069
6009 7060
24458 26690
15394 16044
31894 34211
47317 50000
48703 49499
21961 22237
12101 14698
36123 36595
38132 42888
27502 29621
28228 30058
43260 43823
31403 32500
11753 12628
44527 48314
15549 19561
41741 44687
6128 9976
7248 9965
45096 45478
22204 24477
22155 24026
38304 39815
41850 43128
28176 31053
8211 8642
48552 48830
41928 43311
26554 29886
36900 40709
17989 19309
37768 38238
17615 19248
11688 12432
49780 50000
31966 32579
26718 26983
40629 44023
45134 45519
3872 5750
40413 42316
7859 11367
16861 18390
12559 15848
29040 32607
37953 41602
41060 42747
40169 41434
31085 33990
32784 36317
46689 47856
30115 34208
35669 40350
14396 18334
49561 50000
22767 25702
777 1535
4413 7470
40304 44551
18670 22911
27320 30019
33167 37630
16259 21254
11100 11391
19721 20524
27738 32579
17307 17418
15303 17041
4986 7075
25589 29779
11442 15975
28519 29442
35516 39230
7622 12513
42735 43748
27265 29634
45471 46326
14395 18904
38782 42345
17977 19709
33087 36850
11554 11732
33360 37071
9123 10362
17528 20178
34454 38129
29178 32895
22055 25114
23212 23822
35550 40088
35635 39459
27211 27710
24815 29449
5492 10251
30049 30539
44555 46239
10340 12369
9263 10218
9822 11124
40486 44627
47345 50000
29149 32434
18387 21129
33628 35872
21097 24686
36002 37828
23108 26473
12076 12476
32956 37779
10260 14502
3723 6139
47870 50000
20748 22620
39051 43601
30534 31792
3676 5105
31945 36278
18201 19931
15327 16092
11197 15927
1156 1329
12788 17415
2957 3879
30304 31573
40997 44198
31722 35095
25814 27807
6286 9187
23470 24164
37268 38859
13756 13929
24998 25715
14219 14361
49570 50000
22128 24391
26004 26465
15387 16826
40035 43340
33413 37036
13083 14323
27204 31834
2931 4505
27649 32441
30492 30761
5983 8151
3585 5351
45102 47858
19929 21090
44490 48423
5827 7819
15455 19788
32894 33964
44349 48700
24656 25575
14949 17046
14505 18315
37814 39961
18566 20600
5571 7342
34885 38732
13323 14891
10467 11567
11114 14210
35177 36386
102 3553
19473 20397
21414 22002
24947 25824
22868 25890
10091 11095
36071 40543
16837 18896
16495 21201
11241 15969
38230 38262
43995 47483
17991 20505
20052 23795
25903 28450
15759 19556
1026 1679
20492 21227
27301 29361
39067 40808
7685 10411
20998 21306
3299 6810
33690 36791
35025 39176
25084 25948
42350 44807
13432 14293
43145 46517
32901 34741
2515 6086
48144 48207
28376 32884
18123 20058
35292 39154
18109 19951
2211 4667
25281 25553
8376 13152
41274 44949
42994 44843
14472 19215
8063 9179
8663 12394
42527 43677
16264 20307
18421 18876
35461 38198
46608 50000
12992 13204
20827 23625
20160 21583
39614 43661
1468 3377
28951 29334
19611 23624
31850 32516
11981 15099
25913 26522
19071 19189
12267 15841
38535 40583
27513 30098
45929 48950
11546 13476
46887 48238
5800 6530
671 1665
49910 50000
33612 37002
23171 27645
8054 10098
44996 47114
1294 3450
30931 34889
11296 13663
30957 32712
23217 25960
44328 47728
23987 26835
15030 18697
6580 8071
47600 48999
31258 32490
615 4350
38319 39357
4483 4970
44513 44954
41259 44448
32854 36923
37805 38243
1993 6452
21939 26477
8258 9403
40232 40304
24982 28106
11021 15854
34561 37559
4904 7737
3149 5393
30748 34549
33440 33720
32633 33116
6917 7384
32817 34651
6828 10122
41369 43514
8972 9381
47140 50000
39505 40061
26415 30983
35546 38920
40413 42277
38798 43456
45474 47558
36303 39328
34828 35742
34971 39681
21254 26173
29918 33134
1419 4536
3083 7287
8206 10396
25770 30140
35804 36468
7546 9908
11267 14318
40498 43192
7525 11950
7763 10727
16387 16436
31869 33507
31180 32006
36081 38015
6305 7928
23412 26417
780 5098
39174 39900
43396 47273
3137 4294
27060 29538
22933 23705
46489 48041
31399 34301
6815 10408
24880 29750
5963 9990
42853 46612
39469 43408
35176 37617
46483 48866
9136 14078
22333 26237
14774 19623
11592 15782
25295 25733
10783 14283
18649 22217
45369 47669
39672 44548
1039 3097
19081 21936
4649 7770
23543 25074
26162 29993
40566 43864
26874 26957
27134 30633
36703 39306
46871 49017
30174 32646
23116 26455
48979 50000
40767 42625
20375 20634
37765 39687
42285 46275
48104 50000
8333 11399
6914 11714
18715 23025
12252 15763
25906 29747
24421 27915
41444 44747
5290 7493
3706 6043
29183 32491
39674 44101
41791 46302
35745 39230
11518 14027
25382 30303
39946 41201
24726 27370
32426 33880
41171 41938
11695 15412
7582 7917
11647 12190
5277 9762
9507 10099
16922 17200
3401 7812
12888 13400
4189 6373
8370 9475
4506 6775
32044 35749
629 1979
11229 15885
14862 19103
26433 27857
47908 48095
20000 22454
15663 16812
43670 47883
45612 47916
5520 7799
4791 9408
23345 27470
37679 39477
7011 10884
42491 46506
22611 24298
36334 37950
6798 7155
32278 33985
30475 30494
47448 49654
41573 42427
21472 21978
4989 5568
49088 49805
18406 18994
42588 46111
13197 13838
8645 12300
28885 33754
36788 40189
46661 49922
17605 21793
3657 5887
41689 41763
29670 30741
25748 28220
735 2819
14127 14146
7284 11199
36076 40740
3052 4710
46541 50000
43597 44850
19749 20120
24976 26283
1176 4586
43106 46390
39216 43830
28916 32553
30967 34764
6782 9884
48161 48466
3294 3747
42599 45277
45787 48327
29805 33627
40428 40825
30349 33408
26784 29654
10272 13394
13205 14673
27252 28058
45991 47247
19853 20692
11375 15325
47296 48865
20110 23592
7586 7735
21656 22199
7756 11322
7962 12280
37330 40563
4786 9500
46104 47621
684 1536
37672 38597
25295 26798
37380 38172
21953 24692
426 2117
18440 18954
12608 17485
31017 34710
10983 15136
14635 15984
7833 11497
49461 50000
34283 35176
23543 27709
606 1809
46361 49142
20611 20921
13106 14565
11608 13289
599 3915
34652 35519
37961 40073
15796 18675
41985 45132
9939 10461
12750 15177
7644 11671
7983 12133
26961 29339
34273 36647
11688 15549
34582 35525
36973 39498
47404 47823
3481 4606
41963 43753
30538 33173
46653 50000
1624 5589
49124 49389
49268 50000
40959 42219
4047 5370
49148 50000
38364 40341
8018 12134
26767 28217
45132 48539
45260 45448
42656 46847
6935 9279
2828 5517
15940 15970
9418 10862
45309 45340
15131 17355
29100 29355
26739 30103
1315 3199
43257 43935
4198 8322
12649 15688
40233 44893
39905 42263
44567 45991
11503 14439
46633 50000
39539 40488
9823 14483
8034 11765
31621 33554
23684 25688
8249 11783
29312 31309
4310 7394
16918 20203
20499 21604
47160 50000
14127 17083
20332 22875
4867 5379
26817 27041
46270 47139
29267 30108
24740 26392
29542 30236
40423 44986
583 4790
33612 33986
28094 32374
36641 40071
42096 42470
8485 9704
40467 43938
33816 37439
49562 50000
22741 26470
8890 11783
23975 24846
38826 41856
17385 19843
13963 18742
21487 26126
19902 22529
7919 9119
10452 10621
39141 39628
27178 31956
48308 50000
46193 49966
10419 13012
28019 31878
38088 39442
992 5120
2364 4202
15719 18067
24108 26914
7023 8937
1206 3100
22715 26210
18058 20807
20940 20967
3829 7253
34470 35737
2572 7197
11254 13042
15844 18683
29486 32389
45169 45376
47626 49017
40932 41774
35073 37534
12716 14271
19540 19950
40522 41102
33155 35368
12763 14118
17918 22662
10655 15456
15253 15430
37344 40148
6797 6871
45297 49025
32953 34928
9513 13994
13456 13761
25795 29613
5796 7443
11015 15153
23444 23447
4703 7279
32859 37712
25903 29481
31881 36793
46367 49322
15601 17784
27792 28149
25561 26977
44541 44672
3603 7504
39521 43000
18948 19215
8484 9025
2882 3588
32167 33962
23445 23703
36521 37579
48870 50000
38845 42092
15833 19824
44290 45601
9301 13351
2981 7622
49869 50000
43407 45331
41189 44817
35224 35805
19932 20081
46903 48909
28737 31218
4483 5021
17781 20557
1566 4774
46414 48216
7269 10449
48888 50000
40463 43255
44119 46720
40697 43745
48097 50000
8341 11428
32480 33660
38192 42560
18446 19985
40814 45555
39225 43726
16210 18995
8566 9296
7525 11294
28323 28806
39313 39460
9421 14125
3268 6736
11473 13555
31365 34461
41260 43455
5016 7113
33547 36832
16128 19709
31275 35686
9304 11824
5011 9196
29945 32569
42368 44152
45743 46476
26429 29156
29778 33376
35721 38717
24124 26445
2688 4224
42408 43677
38886 39850
27597 28550
6069 6477
39444 39750
8433 11631
43709 44097
4346 6923
799 2708
8683 10811
46107 48579
8952 12181
13426 15873
36253 40649
48470 50000
27277 27709
3245 4613
10616 15140
30470 34486
797 876
47943 50000
36158 38493
29250 31799
22137 22772
24430 27852
36110 38724
28395 31207
36528 38082
36622 39373
47415 50000
43998 45291
2385 4195
22467 25015
402 2292
40003 40396
3942 6794
34851 39463
16593 18612
46865 47661
22879 26080
5550 6369
46773 49897
10827 15356
43912 47763
1915 4418
21886 26558
48504 49034
25025 28096
39034 41034
13048 13838
27576 31474
19066 22136
11397 14322
12768 17052
45450 48276
2252 4082
25141 29305
36186 39368
47135 49971
22420 23937
41955 45863
29010 31773
15015 18938
26632 31466
45535 46316
35916 40668
17800 21441
34012 37235
20430 24194
22831 27196
19013 21267
16754 16921
22383 22725
45818 46927
249 5039
45242 49689
39163 43311
46236 46599
19236 21565
27174 30306
9215 13185
4873 8475
323 3790
47753 47881
41943 45467
14606 18331
26778 29409
36303 39759
3671 5868
24787 29248
10911 15415
43079 44639
20950 23471
32302 36022
36581 40571
43801 44495
16244 19513
36760 38353
40758 45080
29593 34196
11646 13867
20813 24833
10703 12819
18824 21934
38958 42284
19830 21139
6162 8657
36707 36946
49839 50000
41060 42501
31449 33351
23188 25067
18423 22114
26992 30394
34519 36662
17576 19317
18449 22829
9250 10487
14716 16783
42384 42578
33910 35546
49813 50000
29277 33122
37325 38400
21257 22575
26156 27832
39160 42673
46130 49412
34194 36261
17224 19350
2423 7255
9596 13890
47561 48928
25037 30018
7315 10155
26310 28315
6897 7016
35545 38371
5412 6377
46160 49875
17986 20204
4411 6682
18927 19405
21921 22308
38437 38531
9669 10330
43061 45630
35267 35664
21187 22643
41890 44176
15613 18443
49663 50000
1716 5497
24414 29310
3774 7122
41158 44506
32598 37304
3180 4058
13941 14636
28485 30175
15329 18505
15756 19627
17784 19291
24566 26313
2205 5738
39384 40056
37465 39620
44490 49268
31906 33421
21196 24676
45539 46443
31295 34063
47721 48932
39707 43399
33892 34806
32664 34130
10804 15249
6950 11118
5671 7974
48047 50000
3066 7820
20462 22174
38768 41806
23499 26893
41831 44728
15747 19458
32518 34187
7882 10303
35820 39566
39888 41550
10873 14572
48864 49080
8068 10878
9243 13660
1723 2621
2676 6495
29837 34110
49661 50000
18689 20661
7871 12177
7562 10349
5242 9309
32668 36052
10903 14419
46327 49247
24686 25166
228 2897
16017 18038
5936 10892
21512 21946
43223 43695
4232 8322
19685 19708
14817 15610
40828 45438
38990 42533
3066 5830
19213 23886
45542 49061
12667 12780
7040 7145
22529 26406
7136 12021
45931 47320
33094 38094
20813 22754
42937 44731
45486 47492
5837 7515
5897 9519
40591 44358
32064 32540
13210 18164
37756 40530
18942 23737
20865 21451
19643 20284
44093 45192
44166 44886
3799 4660
4511 8548
46990 48044
7626 11287
24749 25955
42475 43110
27154 28105
9379 11063
5042 5446
8160 9482
44645 49162
32945 36003
27541 28169
14542 17009
20235 24344
23779 24189
42311 47063
23486 27336
43905 46549
33393 35076
8409 10007
13379 15071
5469 9315
42187 46606
31992 35713
10781 12295
37608 42079
1107 3026
30464 33280
49709 50000
35636 38276
33538 37866
30181 32604
21276 22878
44484 46921
7436 12037
16935 17419
463 4048
49184 50000
39387 41339
5309 6021
3632 4690
39607 41455
12431 13083
6337 10729
18872 21680
17034 20808
30400 33510
16250 18917
18527 23249
34096 36376
34107 37815
32731 34296
9954 10486
28194 29314
40687 40733
36776 41598
13713 14221
42070 44754
42380 42410
36815 37680
31919 32573
18823 20934
38143 42552
11378 13295
39935 40940
43075 44405
21001 21838
26266 29833
26145 29093
35885 38604
1818 5688
23644 24470
20004 24963
48620 50000
31913 36725
5786 8706
48124 50000
31942 33605
24787 26272
30905 34171
11814 16407
45371 49920
3096 4284
34321 37314
35669 38904
16855 21046
32392 34745
24326 27902
332 4607
3837 8379
14720 18283
19339 24272
6162 6802
40885 44877
38435 41283
13282 15277
11672 11853
11662 16469
4921 9031
3153 5759
2206 6948
35395 36527
37356 41378
19428 22530
47696 49834
20878 24378
22136 26674
16987 18791
18964 23077
183 4624
46161 49264
34536 36784
4356 8239
27921 30868
25796 25875
7565 9866
24773 24908
13624 17697
38178 38256
39249 40659
8280 10537
11459 16274
43169 46467
43709 45504
36485 38094
26230 31111
21789 21817
6580 10410
9412 12923
22259 25114
4072 5551
31299 36219
37090 37415
15355 16976
6928 9389
48677 49998
13083 14889
14588 19151
33370 36228
2925 3196
23158 25978
32734 35656
16090 18902
46622 48674
24698 25582
15004 15023
14137 17529
1214 5815
32380 34326
19184 20208
46908 50000
25932 27960
38849 39022
48440 50000
48512 50000
9224 11772
18426 22679
30045 31323
42273 43823
23573 27917
49036 49727
23506 24858
48906 50000
26907 28772
39193 42553
7764 9255
322 5108
26134 27551
20459 25027
5448 9179
37006 37413
10323 10705
49511 50000
43904 44488
36213 40554
3006 7435
40794 44018
10509 13651
46749 50000
48794 50000
35110 35799
33994 34017
25223 29444
46841 47197
10545 14079
38727 38735
7127 9321
30658 32274
5439 6909
44575 48734
29227 29943
22688 24185
48647 50000
9684 11462
3683 6344
11127 15145
44145 48174
30675 33837
25059 25573
19829 23774
47158 47693
19926 20770
24987 28275
43797 46878
7216 9035
27567 28990
21909 25100
15870 19453
23997 27016
37781 38252
39177 40435
48764 49847
14154 17419
12242 16204
23191 27012
36893 39336
14844 18360
6663 9239
32164 36310
6970 9321
49870 50000
41259 41663
45072 49993
17419 22289
15101 16802
38412 40698
9789 10757
29749 31188
17600 21377
8043 9150
34680 35981
6298 8574
1828 3124
14580 18928
46415 49366
32262 32483
94 3200
5765 5777
13352 15740
45310 46937
43555 44623
32639 36641
23947 25604
32790 36832
7402 11479
42540 44887
26089 27438
20846 24630
28440 30590
28344 32833
13604 16233
5929 7834
38682 41822
27442 31935
16291 20023
43692 46273
47679 50000
4195 6872
29849 31369
14048 15607
12636 15106
29259 29988
11091 12829
44820 48439
21883 25506
41727 42581
14184 14653
568 5230
42258 43814
41395 43225
24790 27251
33023 35101
9946 12377
31938 35268
8716 10176
28795 31752
13631 13827
42753 45967
28531 31076
34383 38345
49184 50000
33384 35854
7255 10796
382 3581
45239 48757
19880 22292
23913 25362
24749 29266
35872 37523
3665 3736
20130 24892
15533 16339
31003 33459
43558 48284
23769 24829
32939 35959
25353 28415
47653 50000
45746 47382
41017 42644
23440 24456
13619 16630
18238 20939
13269 17379
5592 8357
5019 6836
48758 48772
6459 10727
9015 13530
18857 22917
8313 8687
2235 3565
30430 30864
42637 47574
38996 40749
12862 15241
32362 37010
25557 28451
42451 46704
9437 13055
35442 37070
14319 16805
3328 8318
16324 17920
28104 29738
48910 49683
42644 43974
47663 50000
25200 30151
41436 43053
13632 15201
28459 30592
47894 50000
41193 43951
13975 15098
23545 26274
43015 43885
21533 26136
32638 36900
20759 25186
38568 40077
33072 37384
21022 21734
27748 29226
37329 40732
5450 9330
14872 15509
31592 36561
16489 17386
48686 50000
15540 16164
5763 9007
35492 39130
8559 11077
23720 23745
6042 10665
46827 49613
21837 24932
17902 21282
39359 44026
33092 34038
23277 23988
35725 36758
35174 36638
32129 32211
40496 43296
24251 28570
3429 7210
44702 44811
17568 19803
29985 30350
15596 17234
48384 49674
13848 17756
11655 12902
13557 14791
25505 27452
36485 40695
29929 30533
17224 18978
3182 7327
640 2356
23049 26768
21793 22117
10552 14118
16539 17475
276 4343
40936 43538
46641 49157
17467 20863
9441 10751
28464 32964
40341 41342
35005 39117
16771 21136
49271 50000
22030 22176
39527 41755
25024 26702
9798 11622
40113 44629
37695 40882
25428 27021
11688 13494
6562 8251
43674 44682
14290 14981
22752 25291
38828 39894
28550 29463
11142 15449
45076 47641
29631 34617
22839 23670
6429 8328
16719 20261
2157 4241
31019 35888
47781 50000
23958 26933
41153 42566
46234 49461
14535 19519
5905 7633
30972 32842
29101 29365
35023 36504
26760 29746
19747 23621
20174 23832
17752 21629
10274 14320
25071 25464
25904 30790
36941 41553
27767 31559
32162 33479
17557 18322
35926 36986
23526 23570
10796 15787
17722 19449
10499 12217
32727 37582
1622 3178
18335 22010
13728 17498
45034 47930
24335 25140
25881 26253
24118 27033
36699 39283
18917 23061
18857 23676
27308 30538
2642 4919
44709 47484
57 3431
34680 37096
26107 30846
10865 15852
7799 10061
4131 7081
34866 36057
11968 16189
969 2661
38314 38382
13453 14718
47185 50000
46909 48740
42083 45854
48992 50000
18578 21113
34672 38321
41269 41888
22854 25726
42070 43023
19893 21986
8936 11125
3808 5458
40517 43275
21107 22242
11154 11385
48034 50000
22760 27120
383 4151
28968 29548
49489 50000
45438 49831
47461 48792
7856 11849
21120 21418
36467 36708
46632 48640
8646 9862
37996 42083
1167 5708
22927 25205
20556 24451
21156 25208
37070 42025
29696 30771
26252 31188
5964 9061
1682 1784
22647 22957
25389 28851
21467 23314
35200 38926
7263 9086
1525 6254
16922 18276
44200 48436
26332 26451
44653 45557
33936 36581
19564 19905
34703 37101
15955 20475
4609 4772
24481 25588
25834 29335
32904 36812
1076 2837
37165 40805
7617 11816
14704 14764
21197 24558
31478 32713
41399 42405
14022 18175
5492 9102
48943 50000
33205 34452
37819 41019
16082 16113
36382 38085
19756 20685
46117 48105
27211 28003
41207 44846
43503 47432
7824 12793
33624 38269
631 669
24208 25923
31497 36478
27913 30751
25579 26224
27964 30939
1425 3661
18744 22882
47001 50000
37522 39277
10714 14259
30452 32686
7202 11980
22181 24737
49233 50000
4476 8698
41889 45055
40728 41533
4476 7128
34871 35972
16869 20146
2540 4672
2382 4206
33181 33986
5121 6925
5074 5241
28148 31207
19089 22093
8695 10872
27803 32147
25260 30115
28441 28598
37603 38606
29855 32665
20464 24617
25974 28907
49443 49792
36859 39900
14762 14943
10167 13679
44257 44288
5857 9750
1610 2423
15371 16187
21250 24179
37122 39437
47841 50000
1840 5313
42015 44345
8406 9548
2316 7247
47072 49186
15616 19915
36890 38312
19702 20132
26408 30203
32224 35762
30970 34606
19120 23937
18134 22561
45767 48848
45877 46219
24830 27337
33993 38716
11844 15796
36977 37990
5871 10648
43899 44002
709 4511
49604 50000
41733 43587
8571 10388
4636 6263
25420 26453
19958 24333
36323 39874
49677 50000
36683 37740
32690 33576
43359 45585
17717 21276
47466 50000
49786 50000
2939 7663
41517 42949
41972 44149
20352 23334
47936 49188
16933 21411
40028 41772
38491 39511
14881 15653
45980 46372
5466 8672
18474 18755
41777 42490
10053 12052
39414 42838
35183 38428
27746 28381
35958 40030
17967 19104
12976 16267
43083 43504
9888 14093
26759 31497
33103 33439
40839 44102
46037 48773
24902 28884
33386 33793
9404 12743
46176 48031
48600 50000
44602 49152
25680 29126
31209 32993
37712 38546
24621 29608
49481 50000
18193 19151
28813 32850
33551 35224
29687 30414
42693 43209
39026 40882
7806 8032
1170 1271
26907 27690
9413 11706
32853 34855
4309 7699
45268 46044
12278 15175
6990 11937
36725 40990
25782 27026
21204 25593
17839 20684
48499 50000
26537 31340
40063 40526
19374 20516
19293 22707
35357 39625
29199 32215
32505 35221
49979 50000
29503 32989
23203 27431
27526 31220
32032 35571
21680 23307
1651 2970
15634 18912
21833 26142
29244 32410
7760 10997
37197 40478
38867 39224
20814 23785
1619 4685
37386 39651
608 1446
48672 49691
19138 22173
15088 17828
36468 41350
1934 2076
6090 9479
24825 27822
34615 37201
24082 27927
23705 26603
30887 34295
46789 49933
46166 46594
46414 48302
24284 28095
17757 22334
25997 26305
16745 20766
20908 24068
6277 8355
40591 42106
31836 34272
15940 17939
37811 38419
33327 37002
26345 29742
26100 26806
35912 36422
31887 36495
45939 49033
41790 42062
35943 36189
39343 43246
40120 44879
47994 48005
36406 37112
3531 7383
242 2154
40415 42391
821 1028
26426 27326
9810 10036
38107 40555
11960 15919
10279 10994
36452 40683
134 1529
28264 28924
2131 6933
38227 38637
25463 29943
45045 46801
42295 45231
43267 45090
17338 20708
31098 35670
21095 23299
16532 18048
43988 45706
5270 5744
38260 38322
6833 7508
4246 7959
7549 10256
11752 12389
39363 44298
7964 10329
2151 3624
10959 12518
40762 41670
19551 22946
13820 14811
8745 11302
21489 22003
19462 22890
40287 40907
44344 48756
8183 9170
7235 8788
30425 33551
31884 32263
7522 10606
16657 20152
31050 31991
46073 49327
47626 48300
35112 39714
35998 39132
43635 46284
12802 14274
27477 30613
19227 21928
45636 45750
26541 27681
716 1211
47478 48720
10588 13092
12340 14291
49432 50000
1058 1776
14494 17757
6512 10438
38968 43109
30718 31136
22092 22500
23852 25006
7493 8255
1603 2327
43070 47157
38832 43313
10457 11427
25345 25613
34487 35315
47593 48242
1487 6433
31517 36327
16320 18380
20511 22299
30730 33258
48342 50000
48247 50000
49077 49825
20894 25083
44455 46106
32078 32732
34925 38157
5955 10248
34835 38041
25383 26706
29994 34678
37338 38561
43431 46515
31541 33312
48404 50000
7593 10499
11562 13166
12011 15175
11086 12242
21287 21412
40545 42264
42381 43304
35434 39685
42933 46357
3569 5566
8897 13075
27755 29327
36548 37877
335 3082
34621 37404
48116 50000
11453 11970
30933 35756
46010 46339
10080 11421
38540 41849
15405 19614
17177 17693
18336 20043
40015 44948
328 1947
22111 24306
9228 12317
31169 34498
44559 47699
35093 35366
20378 20857
48081 50000
31934 32620
13076 14727
23327 24679
10901 12459
14899 15344
10548 12330
41179 43096
25350 25675
1439 3355
15724 17434
32852 36939
18328 20121
16289 17830
45808 48939
49758 50000
18480 23040
33483 35417
25660 26562
41854 44095
24901 28878
47949 49374
49784 49852
38335 41349
28734 31963
35927 39043
7814 12037
14101 17193
38065 40525
18415 22193
44920 44986
20608 22924
9312 9599
8235 11458
45465 46696
28505 31084
14591 15356
28768 33000
19459 21069
5832 7719
1829 3747
45602 50000
7663 8446
36581 40769
11196 11282
9120 11342
6734 9539
21357 22487
18749 22075
25370 27193
47805 50000
9369 13292
9278 11409
4530 9041
23832 26199
46520 50000
36151 39011
13427 14188
45299 48032
3468 7030
38863 43813
36366 40508
11312 14394
35905 38325
46016 50000
11952 13442
21445 22798
10186 11333
43956 44617
21358 23614
19313 24247
10421 11083
23285 27441
45174 47871
45197 45430
4952 5650
23938 28109
11406 12198
10030 13716
4689 7736
21602 26446
3924 6961
18937 22306
11965 13130
35136 35862
32544 34530
37832 40363
6066 6371
33417 35827
32379 34395
39032 43116
417 4411
35294 38250
42349 42587
29043 29411
4769 5886
3811 6216
19871 23502
29926 30085
42785 43143
9115 10641
25823 27739
857 1327
13037 13878
17623 22133
44374 47221
14735 18533
35554 36068
38881 40792
32627 34840
34053 35586
10236 15145
26889 29399
13043 17236
29099 33182
25760 29320
36374 41009
48102 48662
44754 46272
33771 33924
27289 29470
331 1072
33815 34245
13829 17281
27505 30542
13566 14341
35726 36906
49622 50000
18385 21566
49507 50000
10024 10209
22295 25792
14141 19127
25051 25857
13133 14986
39644 44518
43343 46217
11969 12723
11158 14715
9786 10505
36509 41338
14285 18773
20323 21705
24140 25843
45465 47868
24429 26579
5407 7325
10982 11211
1610 4325
42110 47037
42910 43842
24762 28918
20104 22328
15004 19382
4778 6020
41780 42343
41680 46429
17683 21032
25600 26966
33383 35539
10253 10657
36634 38985
23392 26104
32272 34564
6369 7526
39038 39690
41462 46406
13289 14950
4483 4535
7292 8241
49502 50000
44006 46818
31254 34500
32224 33559
24187 24720
32910 33740
16933 17587
24198 27080
28932 30550
3571 6839
39778 41996
11861 15213
13100 17364
16641 19801
27251 28819
5318 8946
40364 43817
36599 36791
15004 16637
12847 17586
8055 8554
31768 33793
41934 46929
5697 7401
37761 38155
19803 24272
42296 45065
17491 19962
28903 31895
14604 16616
27301 31483
37119 37208
26861 28837
26544 28154
11323 11606
47491 48745
45432 48427
25262 29921
42336 43397
44569 45638
19735 22501
43941 47186
49900 50000
13524 13856
3332 6378
6316 7184
15075 16465
34053 39027
36520 40474
26244 26297
34564 36860
18294 19783
19188 19932
30977 31007
20130 21840
47445 47540
35863 37137
4860 7663
21088 22718
14926 15682
31164 36084
10870 13190
23669 24776
10538 13866
17608 20009
21839 23817
8902 11380
38295 41604
28390 30842
45338 46540
22607 26907
35312 39275
26498 30227
40713 43867
33326 35804
14597 18183
13497 13549
26092 28366
8053 9928
49259 50000
2316 3679
11211 14131
18148 20931
35665 40103
32201 33249
1203 2793
5343 5392
3714 6813
16363 19518
5738 9827
22949 25231
31547 33467
9472 10954
21915 22187
13760 15492
26383 30346
18241 19405
21630 25836
15356 16160
19249 22071
19700 20794
11876 13968
38186 40331
3931 6505
37366 37729
2333 2753
26839 30353
10346 13747
6846 7955
36841 39371
44327 47825
27783 28999
16366 20104
3209 3728
16301 19838
9688 10405
1265 6191
32851 36474
34267 36182
37759 38404
3211 5588
29539 31649
42854 44618
23544 25259
28948 33491
37023 37534
43233 47415
46548 48677
37330 38112
9667 10105
6116 6361
19551 23196
15901 17267
7809 10173
30330 33605
5658 9561
2269 6477
36169 37622
1929 2618
5009 6308
15913 19693
27288 30891
37990 41525
39390 39771
48084 50000
17766 22645
44748 49728
3237 7294
5931 10288
10814 14049
40504 43065
32479 34438
45156 48096
28889 32080
9036 10634
19592 20301
3271 3867
31551 31896
46145 49392
5990 9823
36379 38726
41443 43998
10091 10555
8132 8153
25735 28449
30773 31107
48673 50000
26838 28910
24050 24381
23894 27473
42495 45957
47258 50000
12547 12675
40297 43175
45234 48832
21086 22247
45965 48968
18534 23003
25925 30035
23001 25958
30538 32195
21316 23387
29196 31265
43128 47862
2187 3872
34892 35799
22845 24480
25540 30520
41619 45085
41639 44363
47041 50000
10054 14130
43610 46444
3506 4271
18177 22393
7410 10456
40466 41211
36666 39955
19656 24500
49777 50000
38808 43455
3125 7757
26012 26408
49222 50000
21858 24084
18123 22632
25654 29533
37224 40263
27662 31742
27935 29292
34610 34867
28736 29685
26130 28017
16538 18389
37159 38694
31330 35688
42755 47550
8676 9909
25418 28710
22257 23502
2648 2852
5362 9845
29863 30766
28823 30736
2215 4685
13758 15152
16159 16390
32054 35218
45792 50000
45762 50000
35080 37835
32593 35430
18145 19075
16612 19439
21595 21833
16129 20468
16541 19103
3761 5273
6599 11578
17224 18692
48816 50000
47886 49148
8457 11125
12683 16887
46097 50000
5211 6481
31050 31687
44102 45147
6652 8540
1876 4590
39308 40594
9114 12465
11311 15640
45765 48000
30201 31839
23484 24488
39105 42211
34628 38928
18084 20823
7991 10090
25676 28620
15547 18240
32493 32874
1037 1156
43116 44980
30070 33562
1778 2706
47067 50000
42129 46632
22792 25636
16781 20664
47827 49689
2433 4824
47256 50000
32985 36246
14163 15680
34809 36415
31116 33020
11590 13370
21740 24527
42136 45861
15879 16371
38893 41936
21624 25995
1838 5393
6463 7797
9536 10921
16678 20373
18483 21651
21233 24347
38212 40030
28287 31025
13388 14179
36624 38202
3623 8134
11787 13809
38966 40061
48596 49950
5593 9719
18390 19228
38603 42312
45448 48558
31401 32929
10732 14796
41669 44505
43702 46537
8792 13550
45695 47107
1919 2498
23329 26972
19351 22254
1828 3162
546 1935
10577 13556
32494 33711
5088 5363
12677 14467
8529 9730
36389 38614
13395 16074
17900 19060
12799 12815
47936 50000
9687 9813
1277 6272
10402 12846
28426 28473
24109 27658
2612 5961
9625 12105
26260 29226
39907 40063
19596 24145
21315 25993
31639 34259
1927 3772
40219 43098
7443 9309
10658 13659
34822 35248
21210 24076
33239 36155
2612 2839
27894 31911
6400 9618
42904 44439
44116 44166
13954 14071
36106 39916
26480 28286
20502 20980
48229 50000
11453 12194
45132 46978
47736 47800
38918 40967
5819 10282
31435 34435
1620 5262
40149 40901
37553 42119
13310 15779
21306 23849
16793 18490
32723 34834
43854 44774
44869 48340
28209 30569
20950 25753
12530 15149
28170 31694
29378 34327
49883 50000
12778 14497
14451 15967
6173 10898
22188 25777
46250 48456
872 2811
31359 34518
48351 48716
33433 37931
42152 43057
49828 50000
38978 40309
22608 26793
13638 14931
47407 49689
22596 27043
4574 7712
2277 4359
13030 15470
30408 33954
44183 48724
6506 11185
36410 38234
16481 18610
6318 6494
11705 15327
29595 31730
20566 24163
10057 12848
47963 50000
24434 28890
45351 49668
48515 50000
26980 28234
14900 16596
36591 40386
39695 42419
5728 6295
49220 49929
40585 42251
16477 17961
21097 22016
26839 27378
45133 49913
26581 29291
11070 13154
34649 35372
1324 3097
33676 35068
1200 2577
37723 40516
39244 44018
15216 18279
16904 20523
40286 41257
20979 22740
25499 27720
5575 9872
28048 32312
27054 30074
26675 29802
40676 41435
38338 40773
4258 8060
25879 25962
19653 20211
39846 41895
11020 12329
1619 3055
43999 44955
24864 29610
25830 30032
18302 21713
5625 9575
49191 50000
8068 8552
7470 12090
13869 15168
38080 42731
17694 20245
40061 41838
46927 49762
16701 20802
43624 46484
34669 37358
47190 47534
47126 47551
3300 4858
23632 28110
46543 50000
10815 13372
42687 44495
3768 5923
44674 45448
29201 29765
16178 17645
38471 41860
5413 8231
31368 35184
22214 25052
22847 27347
30497 33154
45680 46403
47662 49335
263 4196
38976 40037
767 2688
35310 38967
22654 26224
37247 38283
26858 30310
26886 28858
30182 33281
13013 15196
2407 2568
37729 38745
17605 21900
20644 21130
21886 26405
20872 22923
12727 13740
40354 43291
46646 50000
4476 6797
38861 38863
28937 29231
8842 9496
40651 41545
39682 43179
2009 4689
18280 22685
27509 30095
19034 22150
19140 20638
18373 21549
8603 13001
40697 41049
8446 11776
21908 23189
12454 17419
35028 35987
8918 13650
37375 39614
8576 12391
1366 4580
45990 49011
43938 45793
15565 19103
48960 50000
21050 25834
21290 24749
33340 36208
33875 34236
14176 15148
19569 20712
18431 22427
38297 40776
39569 39952
44634 46826
3456 4321
2709 3142
41166 45357
14926 18281
9845 12500
24821 28648
13889 14553
28644 29221
28839 32439
17768 21067
32203 35112
12302 14596
32532 35820
19195 22028
30357 35321
35859 36127
11981 12780
11571 15582
40661 41856
7036 7820
28125 30384
22206 23202
32416 34062
17126 19599
25157 29940
12021 15780
941 3886
45541 49984
16530 20396
7707 8239
184 4654
48672 49243
4497 5829
44891 48517
9347 12813
14721 18951
23356 24263
10035 12364
28563 29925
6755 11745
4779 8299
22892 26981
34809 38466
2229 4641
25525 30091
44659 45174
14790 15799
7406 10560
8219 10661
5613 8909
41204 45886
5457 7700
9728 13997
20558 23620
5494 7700
19123 22041
23368 26629
14206 16857
10980 11576
379 628
5054 6884
22294 25418
29249 29451
4954 5404
40016 40184
8250 13197
6980 9174
48041 49645
34764 37660
976 4004
521 3802
35082 39229
29729 34712
4822 7931
20677 25052
15758 19103
33595 37710
26766 27422
9530 13123
47655 48867
34999 36931
39815 42993
5391 7555
41190 44003
20826 25208
38219 42637
47216 50000
1608 3561
8277 8502
27668 27794
3133 4438
33190 37273
40709 45660
42453 43009
37266 37782
443 4004
33290 34462
12515 15989
26593 26634
7981 9691
40745 42502
11257 11933
5141 7148
8974 9133
8026 9483
14175 15796
19823 21565
23809 24001
19583 20859
48523 50000
33744 34296
14249 15858
23565 26798
35400 37600
102 1154
11098 12339
39082 41737
47200 50000
28298 31509
42195 45060
29247 33054
15109 15883
16897 18522
265 2916
40775 41454
12182 17035
33697 35938
18907 19960
524 1630
48891 50000
36353 37217
29698 30203
21513 22185
44572 44832
31801 33810
10009 12582
48391 50000
45094 48787
22119 24851
23399 24207
48129 50000
7036 7426
23252 25231
30265 31375
37963 41430
13345 14160
33394 33561
4047 8886
42473 43546
40941 41480
30370 31776
2192 6483
47873 50000
44704 49409
30159 30951
12970 14113
37336 37519
49967 50000
13905 16478
27988 31091
1886 6249
1902 4564
49122 50000
10395 10926
33728 36177
36456 38689
2882 7541
38325 42590
25558 26087
15467 19620
42042 46843
24037 24594
18138 22503
42984 44339
15863 18529
4860 8727
15914 20289
7059 8863
27352 28941
10274 15250
49224 50000
16157 19316
36671 40440
39337 43587
19322 21489
35429 35795
21524 22401
48481 50000
257 876
9274 11679
35374 36479
19375 21245
6030 9134
43408 45426
20460 20725
47353 48085
49858 50000
45707 47420
32416 33005
21127 25865
38314 41988
4250 5900
13779 17538
42132 46450
18681 23547
33808 38635
38197 40627
35864 39787
49876 50000
38801 39062
16462 19759
17906 19783
21245 22980
22268 22422
10164 14591
16311 19415
20821 24089
30187 30875
9250 11654
46685 50000
5304 7746
16613 17821
35534 40255
19580 23782
28284 32928
43229 44454
45022 48398
28848 33645
26118 27159
27482 31615
576 1720
34497 34823
29643 30525
27350 29666
30369 33938
47622 49508
26493 28104
2052 6764
28648 31279
44139 44260
17286 17876
26764 28935
39962 40261
12865 17326
18927 23351
33497 34372
10172 10752
36935 38783
26005 30867
14541 16729
31494 35245
38930 43321
745 5660
14295 17946
44388 45914
31104 35512
10419 15094
1394 5567
43372 44312
5650 8992
9005 13783
41656 44816
25262 26193
4098 7763
49460 50000
34405 35045
8271 13250
17930 19657
26165 29222
49832 50000
43761 47642
47046 50000
25390 29465
12974 17540
26396 27197
6246 8700
10711 11254
20428 21845
25784 25824
49383 50000
33232 36781
6579 11333
1935 3442
36323 40171
33276 34613
7256 8199
33488 37523
4675 5292
