2131 496
47987 49905
38531 39778
4213 7110
23855 24648
5742 9865
21720 22813
42161 44067
28529 29689
41672 44782
15225 18961
17530 20910
18519 23045
44616 48158
19689 22064
27546 29374
42029 42535
45263 47878
21289 24655
29315 32956
39047 40668
33332 37015
42917 44581
18717 22656
19338 23612
44238 46282
28403 29816
7813 8110
19017 21316
3769 4085
22222 25449
21121 25040
39132 42458
29815 34038
15065 16580
44692 48411
24769 24986
32220 36525
21623 22981
8157 8164
35426 35549
37638 37965
30141 34929
48889 50000
19748 21140
12703 12733
18496 19501
13195 13216
41734 44147
6690 7403
25877 30620
8638 13185
31001 31408
13756 17520
17101 18887
33672 37331
23804 26171
42071 46204
41584 46223
47311 47721
10348 13997
10261 11234
24699 29244
32342 36241
20858 22492
17462 19412
7324 9209
28938 29597
1843 3031
45834 48168
28821 29093
40864 42750
31399 33043
18409 21746
32134 36286
15429 15776
21203 25860
45040 46911
33138 35498
22761 24256
6712 6812
15789 18524
24801 27299
32413 35218
21362 22856
22816 26698
371 1323
1198 5013
28287 32066
16377 18947
27164 30038
31595 35735
48461 50000
24220 25681
486 2951
48638 50000
22283 24514
11480 16283
5227 8501
49275 50000
620 915
16309 17460
39950 42363
45719 45888
43309 47249
31236 31496
19985 23326
35877 39664
26258 30114
27236 27584
30120 32044
27150 27488
1946 6890
8893 11761
22468 24213
32474 35724
8305 8872
42404 43011
26397 28159
30542 31049
22762 25330
22302 22303
37570 42565
14615 18353
45586 46679
25278 25601
37871 42835
29439 31940
14287 17487
1962 5567
25158 28656
43066 46677
3868 4155
2269 2440
15944 20761
1592 3078
24259 24754
2914 5529
613 967
5056 8095
19021 21391
15441 18687
37858 39355
31957 36632
16601 19397
7819 9038
10938 15638
12519 13369
42232 46811
2427 3271
43298 46263
25728 26871
34799 36609
32367 33658
23760 27916
17922 18998
5544 9063
11726 13938
2084 4399
18229 20675
30992 35201
15903 17015
12251 15232
15264 19169
25740 28413
25635 29610
15982 20794
48143 50000
9167 13591
28434 29013
11545 12969
39885 44220
44226 45712
1738 2469
41063 45736
1480 3365
27034 27548
22004 23148
8696 11344
13793 18198
3960 8398
5915 8120
3461 6314
24693 28775
2545 6044
42257 44644
7779 12168
32932 35673
16508 20951
18732 21495
19968 20652
12237 14167
34254 35079
22601 27090
47480 50000
29184 31511
16084 20422
32573 35685
4739 5506
36888 41079
48465 50000
41248 43222
3977 5655
41540 41942
21126 21566
22094 22272
28544 29480
16127 20230
3378 3495
46595 50000
46391 46504
15449 18164
7975 8070
21287 23475
9447 13069
21029 22639
42035 44058
7554 8263
27561 29290
4900 6411
45870 46739
11723 14479
34188 36035
29638 30971
31931 35412
45005 46823
35431 38111
13150 13405
19141 20653
32630 32846
46857 48980
10452 12972
22997 23110
42652 46098
21625 26303
26824 28346
20746 22927
22522 22592
32058 32562
35476 39738
40374 43725
27941 32194
49969 50000
22648 23526
43318 47865
41847 43759
19372 24053
38651 39877
16624 19319
24980 26025
21898 26104
39601 43155
28925 29584
22347 23345
31907 35189
16808 18661
6913 8180
22784 24627
31946 33758
5241 9450
42688 44802
3807 4635
10319 12918
11945 15545
35315 36057
7359 11625
28403 32781
11210 16058
13363 16325
37901 41710
4863 9536
9969 10847
16743 19875
26040 28083
34048 36361
15828 16057
17625 18938
43832 43950
27367 31932
47483 50000
27216 29300
11934 15964
4117 8872
16615 18890
34815 36127
8343 10633
9873 12815
27255 28487
4305 5975
42577 42639
46541 47233
22394 26902
28485 28821
9935 12030
1030 5811
48237 50000
9274 12783
2012 4907
626 3278
44590 49414
30310 30839
28420 31403
10352 14023
9280 10870
37308 39853
23426 27272
7423 10914
12800 17208
16643 17522
47510 50000
15250 17709
6518 11485
23532 24112
11233 14923
41526 44347
34428 36429
29095 29204
6761 7747
19908 24536
1623 2616
44278 44956
30030 30510
42473 45425
14507 18409
14174 18218
32169 32877
32347 32944
29455 32685
20747 22116
8053 8458
24970 29809
24236 26628
18177 19909
16932 21908
47950 50000
4243 8680
4146 5121
25389 26044
33672 36294
11158 12870
16213 19266
40552 41151
6720 8999
43263 43989
2080 5618
34810 35687
40067 44157
48273 49839
19143 20798
33985 36956
34581 35375
17471 21681
44291 46743
42789 43187
31063 35908
14806 18431
19892 20043
11627 11816
45956 50000
12402 15976
7742 9370
17765 22177
49287 50000
24042 25922
7672 9227
37083 37482
20267 21600
24267 26487
4371 9206
23080 24385
13011 16942
38590 42729
31016 32755
48688 50000
41111 43785
20835 25131
44114 45805
47860 50000
27695 29575
13906 16956
12664 15144
23316 25359
36228 39326
33359 37664
18610 22646
40220 44442
36535 40980
3062 7820
23532 24489
43833 44447
22966 27069
38485 41510
44516 47588
753 5400
11686 15252
24029 25215
32202 32813
27618 32144
26043 29235
45351 47358
37656 39379
43529 45794
45223 46570
33181 36178
35117 37507
16320 21066
41275 44007
21730 26028
32717 34135
1782 3219
32053 33212
41023 42219
30762 32220
30359 34933
29738 33688
32711 35417
8773 11371
30295 34234
49221 50000
1786 1948
37190 37213
35345 36138
41251 43117
19875 22919
30072 34957
22737 26379
10754 15717
21327 25879
19293 21489
1150 4889
43765 44434
29973 33923
4125 6616
790 5640
1844 3273
41495 42287
34008 35264
7204 10043
21325 21632
8491 9654
33038 33311
20745 25158
37535 40256
155 1561
20354 23762
1127 3474
1348 6318
30439 31832
34494 35236
29781 32439
43827 46887
3711 4192
42125 42646
32274 33812
31634 33379
6716 9424
43614 45634
36632 37534
18770 20642
17847 21834
19938 23078
30841 34694
453 828
2163 3560
6566 11558
41033 44636
26422 27939
18203 21564
12555 15375
1812 5811
28117 30898
35960 37214
21948 24417
5758 6721
42409 46555
7829 9813
5460 8673
4895 7795
34347 35016
40299 44986
12104 16386
23037 23820
22214 25027
39554 44306
20729 24186
2029 3939
6653 8828
49497 50000
14329 17910
41509 45499
13081 16691
436 3245
23390 28258
3698 4366
827 1523
4391 9295
23020 26839
32471 33139
9107 13794
40542 43256
36737 36804
4841 5360
8485 9990
6732 11591
20284 22652
613 4737
22042 24762
45876 49473
38353 42529
39915 40755
33397 38370
48510 50000
13817 15525
34048 36551
30205 31921
46264 50000
2513 3872
7366 11518
14705 16202
47859 48144
6389 10192
42131 46905
40150 44045
820 2489
42673 43234
24990 27688
35082 38440
11423 16034
24037 26953
41019 45817
23779 27683
19054 23547
7368 11776
25263 25774
25650 30206
47119 48067
12636 14925
36762 40674
28532 32018
8492 11240
7439 8546
41307 45817
36073 39640
13439 15210
1071 1510
5439 9265
49175 50000
3820 7813
26666 30071
15412 15992
31209 35333
27488 29309
26991 27422
49194 49475
21785 21867
45035 49007
12390 15168
6686 6880
42347 47093
35127 38582
27255 28677
1646 3457
44090 49031
23134 27702
19707 21657
48088 49293
19610 23866
25349 29120
28492 30195
36596 39847
5361 9831
22249 24823
40070 42616
26560 31251
30300 33457
47234 50000
22821 26701
8680 8697
44125 47911
18330 19301
42070 45505
46457 47712
40574 43177
33067 33460
48810 50000
48803 49642
14395 15314
4666 7025
1625 3327
45378 49974
24216 29065
21152 23981
18082 18332
36645 41202
17376 18073
36352 38379
29678 30055
28944 32854
26629 30025
36641 39582
11128 14866
22946 25188
2666 3379
23485 26670
16373 18896
7890 10474
3591 4290
23051 26842
5716 10163
20357 23045
5262 10086
49046 50000
49611 50000
30255 34834
699 4309
33475 34004
17885 18352
19570 20246
22145 24995
36268 37962
18618 19722
48413 50000
30502 31494
334 1004
6001 10838
8967 9001
11440 14462
5373 6876
41585 41884
49621 50000
9858 12686
6695 8699
13237 17008
29631 30915
29312 29920
24969 29739
8071 10049
28517 30293
18079 21933
17492 18743
35129 38194
47299 50000
14608 19038
37784 38029
30406 32124
36993 37307
35947 37050
38454 40984
19686 24474
20014 21143
18706 19147
48858 49324
24116 24231
15696 16615
16543 17096
24534 27909
29734 33204
10491 15023
5449 9046
47836 47905
10126 14133
41492 42396
48965 50000
37161 41787
17280 21750
22381 26381
19848 21851
31103 34126
49015 50000
27343 30954
45825 46462
49728 50000
34521 35484
1303 3261
49122 50000
22211 26226
10603 12085
19214 22161
19482 23731
3290 6004
7317 10948
26412 30198
19033 23061
25596 26360
16215 21050
21108 26106
28256 32446
8656 12283
31442 32757
47272 48128
38555 43197
35029 35250
46451 46515
23821 23978
19394 19865
43564 46670
2178 5224
36699 38465
48793 50000
28019 31856
12615 14946
21910 26873
22338 25899
43026 43596
16287 17630
17128 20187
30762 33993
42826 46561
28618 29403
24024 27571
23402 27077
22041 24096
30255 33625
49451 49578
16651 17162
22867 23787
38686 42999
19873 20448
22763 23313
46613 48130
19991 20064
16424 18562
41076 45519
39797 40606
13831 14054
36942 39678
18681 20589
1608 1840
4961 8842
7807 8051
5019 5429
1015 5504
18697 21068
29241 31671
15118 16847
49443 50000
26560 27860
47843 49718
25317 27787
16920 19696
6740 9743
430 1208
43502 46272
6539 10399
5248 8978
37766 38595
17596 20761
21106 22704
28293 30874
45577 46046
23282 25682
107 4756
48129 48251
5210 8786
47564 50000
1726 3925
45503 48855
4258 7283
35895 40255
10376 10664
9705 11127
24122 24924
26312 30695
42643 43113
37176 41295
23019 27155
7096 10346
20263 23059
2605 6952
15639 20079
46579 49953
41741 45915
10426 10700
23117 27073
4142 5385
34152 38228
17552 20366
18526 19688
38821 39560
15782 18363
46537 50000
17038 18072
48288 50000
14623 16885
39457 43759
995 4365
32887 37460
37613 40605
12667 14675
41936 44402
23511 25763
25140 25196
42954 44849
1439 5972
32164 35331
29213 33546
32426 33307
9004 10127
10576 10686
12161 15468
13769 18694
44342 45231
23810 27322
19154 22160
6374 9229
3843 5134
35471 37062
2388 2572
10265 12847
32612 35885
30296 33546
37438 39531
9654 13111
30812 33183
29045 31219
27159 29470
24155 28555
17417 21964
26638 29855
11148 12008
5252 8874
46265 50000
47895 48537
34800 37435
17532 21467
20595 22128
32772 36778
44132 49058
42353 46800
24032 25753
1921 2773
37383 40951
6595 7628
577 1122
12276 13842
11275 12488
35471 39993
3312 6979
36630 37714
1887 3883
49333 49617
21056 22523
42632 42726
41665 44693
14888 15914
15360 19598
15322 17493
29580 34284
38804 41287
21742 25091
9545 9554
49178 49924
759 1544
9060 12068
10356 11914
36380 39479
23615 24406
41777 43039
15233 17120
22016 24027
11641 14955
30126 31690
29916 33678
49434 50000
16025 20929
22017 25618
49656 50000
17730 21207
35772 40177
25423 26302
41595 45838
43992 46099
11756 14568
44395 45458
9175 10776
18032 22746
42600 44387
14672 19469
35391 39008
35883 37430
22324 24809
45153 45890
46555 48777
17967 20207
7345 11922
9987 14557
22501 25956
8468 10624
20872 25254
18129 19001
4497 8102
6694 10205
7019 10689
29294 31501
19426 21497
24281 24960
6915 7641
47583 50000
4854 7097
23853 24494
14506 17968
18584 21175
862 2665
3987 6232
36944 37051
29148 31609
115 1242
47685 50000
21701 25638
34268 35678
42377 42769
49163 49567
21548 21551
31615 34294
43681 46701
23642 24932
12479 15289
37898 40551
34986 37371
7297 9835
48729 49242
25347 26681
37726 39884
45467 49886
21246 21827
27794 30353
6319 8799
26921 31449
32587 33415
1538 5806
32935 34208
21477 25473
16586 17928
5791 8760
46745 48947
41664 45235
12129 15284
44507 48843
27219 32202
895 1505
35575 35588
27544 27580
5913 10754
33806 35331
15186 17982
25938 29930
24538 27317
27087 31651
10555 12427
30005 31580
17682 20701
43429 47731
7090 8078
28836 31513
33864 38121
22337 24297
28505 28757
11486 14309
19498 22736
48323 50000
19967 22922
47612 50000
48368 49317
8546 11704
15662 18713
46693 47223
6102 9875
2630 5412
39427 40495
40894 45521
39689 40932
21120 25276
39422 41659
38491 41955
2342 5612
32433 35013
55 2001
22574 25170
34346 37766
17487 20254
9692 12032
44448 46411
39008 41783
34803 39349
3640 8462
46002 47644
41517 45222
29450 33418
18751 22574
22563 23056
9062 13560
19152 21181
12575 15556
39610 40090
46916 47678
19169 20504
15588 20218
6716 9585
205 1660
49957 50000
21481 25971
23411 25084
49042 50000
27072 27221
43583 46409
41300 45111
2200 5561
43765 47801
31461 34232
16587 20804
22633 23217
45223 48394
2536 3185
8298 9041
38566 43453
43279 44214
41745 46027
46683 49271
39839 40346
13019 15724
45979 49503
31935 32217
9097 13409
28396 31749
1156 4026
34442 34932
39502 44021
7049 10081
26449 31050
7117 8631
42428 46225
23404 25489
33469 34915
13170 14445
9349 10065
41809 42959
38694 38969
13019 15929
44811 47785
24202 28992
851 2601
1581 5283
25405 26493
34218 38633
2920 7571
7967 8856
27669 31298
45155 47552
47875 48562
5191 6956
13081 13677
32910 37574
16240 20773
6231 8233
8718 12986
28427 31897
10494 12987
10896 13682
22213 23953
9334 10556
24359 27930
135 536
11548 14603
45274 48550
47491 50000
13611 17176
3901 8297
10859 15104
37088 41650
15529 17109
5812 10110
35911 38153
46808 48041
41764 43223
30697 31514
34098 35458
39853 42408
38463 42061
25011 29608
36911 40384
35556 36094
22965 26065
28651 29575
21717 25649
26780 28861
16268 20364
4435 5626
26661 27913
24993 26966
36720 38345
24191 27005
34965 39624
48683 49725
12624 16912
11370 13192
9253 10768
2533 3301
28753 32594
1445 4209
16290 20427
24868 28970
22844 25087
28447 29701
33766 34497
26743 31306
5931 8425
42412 46502
19405 22357
36176 40324
42508 44559
13319 15093
13029 16293
45293 46715
26660 26679
37035 41266
28950 31805
49655 50000
28696 33397
8610 9743
1826 3142
157 1757
42142 43587
14424 15246
39437 39764
17897 21423
8528 11239
42428 46077
46727 50000
3563 3763
32390 33967
48572 50000
12113 14175
33183 36475
42284 43067
13451 18010
25129 29071
26073 29148
6716 10439
9114 11962
41561 42571
19903 23990
25072 28625
8492 12503
12554 15743
31653 35820
28153 28188
29789 33064
37028 37682
8357 9920
378 5355
17692 19332
23367 27790
27618 28190
21874 25794
22432 26595
22619 23799
55 4842
37146 41156
44358 47886
43380 46528
9250 12719
46257 49944
25441 25974
47484 50000
45533 47649
16912 20200
40669 43706
40106 43372
8401 9524
12745 14073
46887 48064
11604 15677
34871 36375
45182 46963
20258 21664
26491 29566
49726 50000
26823 29761
22286 23020
40744 43721
41376 42413
11266 13899
11889 12717
36169 37688
15508 19205
24701 24869
1841 3519
196 848
3970 6446
12830 13969
9395 13513
45611 48325
15284 16548
21183 21513
43662 48411
9033 13414
10983 12330
49701 50000
47375 48672
43122 46539
18762 18850
32712 37282
33569 38139
43329 47392
10840 13796
39371 40799
31967 34051
47623 50000
26257 29215
36389 39303
15817 15854
18970 23099
39961 40028
4209 8222
24348 29094
4010 8705
38447 39254
49883 50000
35470 38163
28453 32305
9570 10412
25020 29186
38107 39074
44210 48551
1954 5191
22179 26210
38826 40305
13160 13589
22390 24622
20624 24767
25365 26565
36315 38584
7132 10414
24979 27317
48366 50000
29518 33088
5095 8196
41700 45471
8846 11642
12657 13084
26209 28753
33787 35188
15912 16292
27819 28561
11609 15348
43859 45886
32282 34555
31591 34609
46491 47949
27591 31532
4648 9146
3669 6729
10552 11766
1242 1384
27626 28585
19321 21086
39511 40475
15944 20673
15897 16290
9210 13972
6812 10428
9526 12847
21977 24992
31025 33232
7585 9236
7310 10061
42245 42718
2476 5552
5156 7732
3966 8419
32570 37456
33107 36550
26973 31558
27546 28399
10816 13072
49240 50000
15853 17971
49326 50000
4287 7630
2463 2526
29829 30640
29392 31346
32815 36408
16945 21309
7797 9486
45503 49221
12950 14451
45357 48960
25570 26513
8149 11688
6429 9666
26365 27177
5920 6622
43010 45971
27994 29037
12180 14432
34734 36060
27284 32263
36150 39090
3614 3827
44465 48962
47292 49546
48171 49813
48647 50000
31984 32337
4296 4990
36561 39331
34221 36330
44248 46419
37283 42267
14034 18031
48093 49547
8375 8990
35685 37575
45669 48399
13712 18330
4545 5686
32809 33729
30756 33376
22726 25448
42898 45164
2746 5587
37817 38275
9966 13555
29402 32438
22893 27810
29518 31565
40945 45906
49345 50000
48621 50000
8117 8442
20902 22343
49249 50000
41631 44609
31523 35819
18948 22458
49244 50000
31884 32929
18881 23427
16239 16548
42915 45076
36209 38425
38821 40941
45320 46215
12870 17262
40031 40746
20773 25106
49454 50000
25850 28730
41416 43546
29294 30957
2985 6812
45072 49169
10680 15191
26077 29948
5327 6869
9412 11521
40163 41843
45045 48663
27983 32084
24516 26224
32714 33844
43155 47180
10795 14003
295 3132
22065 22223
35253 36120
1298 5306
14239 19078
36519 38507
30403 34395
15590 18308
2491 4709
9506 11822
18281 21936
46157 48550
48636 50000
25582 29912
32131 35373
46696 47350
33998 37249
48988 50000
21420 21646
41617 45555
44336 49262
38203 40206
24549 28502
44629 49450
3898 5746
23980 26463
47706 50000
7683 8875
49440 50000
11718 16383
44177 46194
5653 6970
28552 29221
29671 33214
25448 28902
16002 18683
5617 10571
4489 9106
33642 34795
4578 8023
36006 37740
39045 43994
5621 7634
17605 18885
36755 41114
34187 36514
49711 50000
15237 19778
27386 31238
26245 27806
46184 47764
45999 49580
2422 3259
17073 17284
14605 16815
34098 35668
49908 50000
26500 29528
18395 21042
36294 37100
32640 34923
15259 16127
24651 28651
26769 31621
38545 42593
42291 46812
45330 45372
43248 46935
18225 20994
48825 50000
30926 31812
11925 16693
35640 39371
11681 15072
46507 47918
16985 21659
6599 7563
33254 34106
37883 40226
49397 50000
33680 33890
1445 3275
11804 15529
46607 47655
26900 31623
18152 18858
28302 31057
49098 49492
32396 36994
21425 22163
43099 46514
36731 37953
7161 11505
10111 14709
17871 18072
30867 34986
38352 41828
8597 10533
43189 44269
38612 40882
35371 36792
31975 35315
31892 35555
3261 7871
22270 24417
5063 6563
45786 50000
16700 17146
14682 16552
8018 9997
40849 45421
43487 43540
6324 10255
9091 13949
49051 49793
12212 12974
5456 7266
32832 36986
19551 21608
3467 7554
35954 39632
32424 32946
27286 27377
22688 24748
38695 42838
35807 38437
42843 43732
11614 15115
24508 27669
38956 43550
39648 43213
34747 38868
1283 4494
15436 17245
21056 21814
15875 19028
13593 13923
33578 37660
32559 32800
36974 39859
32770 34834
30654 31847
41904 43252
49688 50000
38190 38708
38093 38097
44507 45810
3905 6809
20124 21864
36082 39250
46419 46907
2866 7432
20003 21415
32077 35710
3158 7411
17325 18249
20972 23242
36587 39535
28653 29041
26145 26780
8607 11704
3982 4280
11203 13784
37859 42266
23671 25416
45947 48271
49666 50000
17055 19981
38431 41803
32406 33952
33305 37687
48880 50000
16734 17825
999 2929
42599 43307
5560 9231
21005 23310
4442 4525
49628 50000
42829 43398
10938 11656
43180 44312
49973 50000
22073 27010
7863 10019
13215 14918
445 3605
39969 43052
29765 34409
17586 17797
44 2296
14388 16313
11001 12813
8636 12313
49791 50000
40057 44528
48110 49339
27197 29798
3021 6940
37569 39187
10004 13141
20503 20945
38271 40628
7400 7435
12862 16298
17736 20367
17339 17709
41058 44888
2702 2809
9053 10712
16265 19292
32982 37189
23343 23426
13997 17074
16457 16611
34402 35260
10274 10448
12141 14740
9967 10359
19704 20852
12989 15094
23885 26136
24624 27213
17585 19160
40970 42285
7385 8514
45721 48636
44415 47770
42995 44025
39033 41829
37954 41537
6433 6549
23277 27417
49908 50000
40407 44261
1208 6135
29167 33341
21345 25149
37154 38119
131 4756
27488 29654
44690 48067
44503 45707
32037 34891
37459 38717
25825 26662
15642 18703
1716 3719
20006 23486
13374 16149
25836 26947
25965 30163
3039 7158
49107 50000
24356 25151
6161 9359
31288 32071
28478 32868
47265 48828
38849 43822
48439 50000
2499 4464
35114 36712
7391 8164
15172 19230
46575 49912
24656 27867
4241 7594
7698 11471
44583 47348
16343 19298
31129 35576
27366 31717
29219 29328
30574 34008
31916 33808
11694 14248
10336 14290
9903 13964
11145 15784
39825 44172
32013 35394
27046 30148
10763 13317
7054 7258
4556 8754
17582 21895
38086 40542
3251 5549
34698 37809
44592 48320
6021 7998
9357 12354
28412 28498
23020 26429
14750 16103
23340 25299
31801 36461
17967 18775
47255 47650
39660 41886
5560 6467
10230 13219
22469 22800
25834 26903
23736 26382
38950 43272
34419 39286
40103 42608
1233 3596
14766 18856
41907 44362
29250 30122
16082 18239
11972 12583
6222 10272
42703 46577
15804 17570
512 3679
3534 6472
35956 40571
35779 36751
32333 36885
4207 6527
14283 18659
11661 14990
19752 24030
19143 19580
29959 34308
39938 42916
48342 49452
21314 23052
12836 13375
21121 22992
45876 46442
22093 24079
12961 15678
36080 37817
19068 19209
33040 35424
7254 10364
15647 16998
27435 28157
9327 10642
25 2677
22721 24576
2382 4539
41894 42097
32990 34141
30407 32200
22453 26370
41069 43511
964 5254
15795 15833
24516 24746
30140 33211
6686 9101
36173 38923
42069 42563
17688 22154
5928 6860
19373 20433
11158 12245
47720 50000
47354 50000
17294 21515
45376 47885
32939 33051
32188 35884
39794 43467
6908 7349
46495 49899
48073 50000
45126 46300
15163 18288
42931 44119
2704 7405
31275 35312
42273 42277
2139 4470
3800 3948
38627 38783
48600 50000
17533 21311
14220 17175
582 4157
47049 50000
6240 9286
11356 14844
23955 26058
22129 22167
138 3905
48078 50000
12232 16019
23832 25508
45579 46778
21945 25983
23097 27441
30159 32999
20188 22518
26355 27765
37594 38416
3124 7400
451 4276
40698 43945
39767 40821
33219 34610
5969 7237
10476 15450
18803 21802
14123 19018
3435 6824
42370 42786
44202 48609
31116 35143
44699 45969
9769 10830
47397 50000
49713 50000
30007 30134
34216 38691
12338 12369
22208 23636
10475 13309
1544 5280
10314 14009
12717 16004
2951 3791
12511 16184
36198 40123
43121 45157
24604 28450
24477 29020
37724 38590
7168 11210
43189 45755
10412 15290
26238 27453
8852 10989
30856 35443
34231 38290
14365 16924
49376 50000
23686 27074
16830 20436
644 1306
18601 22368
27751 28755
29836 33134
17285 22187
44756 47081
7770 10768
32863 36881
18670 22553
8915 12357
27291 31393
2464 3679
28022 32237
3216 8018
20435 24031
8343 10401
30050 34903
22875 23229
12469 13068
15172 15415
34443 37567
47847 50000
11416 11628
21242 23904
746 3827
30127 30867
40534 40539
26938 31421
10189 14846
29240 30139
15845 16124
28649 31709
603 3022
30301 31669
44299 45221
14284 15507
47760 48535
33715 36357
26025 26909
28085 30279
31294 32797
18810 22605
1500 1557
12849 15403
47096 48080
47400 50000
42074 45008
26664 26772
49443 50000
45660 50000
46206 48325
26125 26606
41446 42982
37743 39930
22686 26058
43530 46800
13785 17571
15448 18303
11246 15343
2369 3061
22202 22855
40504 44005
28248 29089
39835 40748
19542 20559
25951 29170
27587 28831
42156 43771
4692 7034
26352 30007
9319 10960
16393 20256
37819 39069
31336 31658
11709 14716
27553 29104
9990 12000
27425 32301
17657 18474
16337 18254
26723 27734
28456 29086
5812 7602
45994 46191
12310 13422
43030 47850
33738 35493
13231 18157
3535 5933
3427 4158
42407 45918
10385 13342
1035 2780
9546 13055
14224 14411
2228 3133
9579 9990
27660 29164
26675 29851
49447 50000
17203 19455
6069 9872
20478 20680
11785 14982
46127 49852
10900 11864
11503 13655
36470 36773
45670 50000
36918 38531
44195 46133
31742 34481
35054 37962
34438 36949
9224 13162
37370 41265
1853 5997
2831 4143
1352 5423
42886 45938
46295 50000
48917 50000
4676 7170
35476 37424
36519 38157
21929 24830
25042 28903
24681 27860
31209 34058
23061 27782
34589 36221
19411 19434
20564 24806
9788 14658
28079 31224
23377 26012
42729 44192
24836 27051
30665 34171
44842 49069
25514 26453
1515 5084
4287 9165
33094 37603
14717 18289
40625 44712
44003 44210
42878 46240
9327 14324
45603 45890
8573 12557
1336 5032
29569 32647
3411 6677
49556 50000
22115 24550
22749 24564
21629 22841
44759 48282
31842 33494
17818 19974
41648 43727
34781 36769
31196 35379
10041 13641
49983 50000
31696 33554
6332 9868
3918 7362
19324 19480
37752 41801
36282 37704
35295 38399
32297 35096
16032 18757
12973 16386
38813 40074
49738 50000
1016 4438
21912 26017
49311 50000
24098 27078
32489 32829
35555 36107
40101 40903
807 3038
24865 29553
23471 27255
9777 10684
12640 13622
13303 14926
20529 24187
26199 29310
3024 6345
30955 31705
35981 40419
19965 23877
20281 24404
6706 10366
9002 9246
15130 20092
35753 38165
900 5414
23296 27499
15472 17464
2696 6546
13959 18775
45014 47923
25451 28286
20192 25032
7570 11765
30555 35420
9925 11677
33640 36352
766 3947
40943 44073
15549 19871
15714 15980
8618 8872
39651 41069
12446 15989
13488 15607
12229 16035
35239 39278
20333 23751
658 3369
3151 4325
19857 22800
44090 45331
26533 27088
31511 34596
41060 45613
45337 48342
22725 24676
49751 50000
39301 41432
3755 6035
35029 39769
7176 9045
18599 18609
8851 9765
38696 39000
37201 41840
9381 14033
33903 35910
29778 31996
7362 8414
6692 7309
285 3380
36462 38039
27239 31609
22583 25905
4921 5956
33403 38293
29577 30002
12659 12885
1505 5976
30987 35071
29793 31163
27035 27487
16167 19065
11941 15086
48561 50000
48367 50000
36513 37885
34270 35909
43358 48014
15849 19294
1899 2749
34756 37288
41229 44826
14535 15634
16534 21090
20480 24781
23428 26639
46624 47747
337 2056
39379 39914
17686 18828
43055 43421
10868 13798
40253 44588
40071 42470
25680 26149
6110 10807
29208 34057
11388 11878
26882 27098
46031 50000
42018 44593
27060 29004
31211 35967
25816 28288
26686 27328
17635 21568
27411 28776
17238 21388
46719 50000
36823 40190
463 1962
42587 42857
7917 10240
17599 17822
3825 6185
31296 33214
44194 48388
25166 27040
47048 49901
45085 46682
44249 48729
33999 36262
9617 9889
12699 13969
23656 26346
27010 30849
31300 33845
39340 42032
48516 50000
28389 30993
24946 27450
20521 25501
42462 43020
11021 12803
