491 0
95068016 132495306
969753182 1000000000
185776343 261367346
288091661 376121568
356260671 449358571
86279017 142339387
581181150 676241108
596565713 645131982
267329529 360350160
119630412 156824606
955461582 1000000000
553322915 616173769
995704483 1000000000
642579986 670484239
564275200 583858005
595040456 609411799
5220350 90480835
881865122 973045749
818021095 858215777
247116270 323737762
882187140 918657733
515552916 575167949
9266480 16612275
591774217 637323355
156073162 214878079
34725872 37578915
664853189 701832506
994024001 996986481
385260157 410684611
487090554 495403988
624411226 628914282
569504603 629544623
769173694 815521826
290539591 378868873
207696362 284610300
241802606 299283501
444746458 501397586
392206037 401673847
611329849 686574741
171142345 264646655
778698494 812894095
888439836 948999043
366748730 414637722
917348779 990454153
509725398 591793899
705005179 786072028
629187172 669835186
205913346 241927289
978418888 983701701
151240178 193927988
246891635 286413622
152769984 220909998
106445736 179632433
199866202 212583660
28817610 116122101
957081431 967727075
409255 51080891
758916116 768218413
432145846 466261598
582698111 596263110
546930140 630356615
675038664 744235041
866014728 879082510
134644117 152193523
616755370 650029334
905066414 980980463
231113462 283977264
905658298 1000000000
487019297 579137186
703997986 783816042
653776254 670784018
13146050 32067837
941474148 998367148
689409696 756140331
193772105 248014524
470555934 478170203
777931708 799518858
13419613 77819218
514367803 595738585
525573587 583969908
861299315 867144971
764800507 857586308
186050311 268631555
764083559 773212935
385958732 402171851
480954682 483124376
846386236 852273868
745034643 806167136
56808804 115767906
556382888 614906354
984414823 1000000000
471983999 515692460
233401521 246300472
668231297 681346390
62259695 148374497
682317148 689755098
96881125 135596222
158827054 239699760
699029903 796972013
48303105 71760797
902910040 913355504
597447270 689172853
867820868 928155504
45564994 110635699
373808600 380143128
872485794 919626619
691307131 724828916
683510123 723903719
595627924 599258668
935345671 948475937
338012439 390543602
108391958 134000231
764161987 797983720
474382941 525431753
426013148 521971523
587311469 652385252
546333686 571200776
349798980 353895036
296798131 339600504
169207294 262031451
226364486 293986362
808290288 830125218
571215037 620826073
680891960 765801021
192389177 220668870
777749237 868443104
541574129 625145991
90583844 116221728
337774318 373301521
59784576 126902195
751056803 849278222
331323294 428754239
135352936 137756557
215059442 246584978
103515227 166753249
276477270 315782062
396219278 430806162
322801821 408231490
266563942 315814460
534774516 575943508
940706533 997965833
300704087 360108299
520618977 554265447
22974755 68132138
153296585 234559756
765632839 806875966
214807046 271396073
600731493 649232238
383694453 426837674
515520790 543542340
960277545 1000000000
470839090 564367439
969763243 1000000000
672063082 736517700
645875128 711248551
288824812 364691778
492753181 544723321
332633768 377074121
523259299 557116251
443524919 508764984
869828588 967073950
538840386 605237309
545240803 579986249
328918272 382826005
252533289 344064777
485355701 498796598
303142980 316094680
217873003 266634725
559116197 582425787
102043710 122119232
861328457 948307573
78427978 101136812
177658608 231843761
877738842 879493623
578149326 618197804
399065139 487170796
491439690 526961011
984514657 1000000000
269784841 346111922
517205070 612073539
218255258 221422791
554767685 581047585
53503871 68688663
162137139 192967807
639427406 701964574
546460799 562223704
632258005 661842266
825767190 878037103
912995145 943072036
385719640 398738647
492473491 567877705
37636705 114867986
32620302 47930294
386294865 443869408
545503528 604849436
838400251 863201291
441994853 508287394
780650910 832421090
365767608 370288127
935870664 980654493
98753832 161250988
164608804 255771668
546257552 574126519
893886568 992820174
364937858 456053734
709233273 717448793
822269707 840521144
820326978 836383548
229737026 272578019
953173768 1000000000
187034975 214262596
991615140 1000000000
867081318 899331935
632143659 727362909
807898953 809652257
349562762 400771758
111201705 201493717
946541194 950085727
916523657 935428875
766321925 804561265
104388785 170663712
191570804 244678527
544559290 597335227
692367768 741670317
128244949 135609049
632452896 693920790
100633142 200490339
863434707 864366942
34815849 103993017
793787139 800941584
614656814 635098885
931467580 939288077
905849001 979282535
393808575 488972386
186178339 262481380
319353326 377892229
163909445 252482362
684611537 700048877
866310328 878639065
201462177 232065407
67519975 154799302
466707185 561866780
627394876 629208525
858114307 865787814
870566817 945904917
546267646 561020244
947913112 1000000000
363504935 371599058
603151820 636280213
690032514 699033706
689654746 756283295
603483765 623064615
998779083 1000000000
314090039 352645929
657637197 712298143
832487082 915900452
716896067 788153599
506031471 568113450
847695361 937997708
740418769 760709991
93002621 138685902
903197012 908022224
688920125 778680413
318324134 362416186
820560893 907634969
111707255 172791860
316971893 393231132
596329772 609056081
455732781 545074032
349948896 374095235
521740961 581286022
968576121 1000000000
768601608 800720586
956100466 1000000000
808170538 812231272
856157504 928990965
552364379 646181557
918146330 950584431
474275242 531783127
825165333 901393179
426399483 450526899
274375983 291588579
937195270 960124891
729429433 767123418
723911823 777082590
210981936 256325057
825511112 915933700
997473909 1000000000
794954678 864341019
665293601 759024299
595305363 684293855
105164136 187712454
435327020 535113109
310456023 386565920
182499917 209962192
843770332 869271979
424921209 430762172
218656988 233835525
261517331 313328174
124244343 161966812
930909524 950428324
84113708 169956188
138124653 164685505
742839801 842542051
65319101 117552754
644267291 685573527
555658454 653758290
707325381 751821034
454318713 539005331
899543599 983219398
503696216 593017609
527189376 573939304
64875673 115320867
769610971 799702374
37679617 81576075
573875731 616473784
338995217 405610652
142145551 207869856
729051486 821092354
145699787 208704603
788226134 860792158
262407405 321069465
722732523 780835593
59898755 82792429
456217369 514670839
543846475 632995071
214052224 228118442
855660358 945158837
787664780 794174364
359374966 367282175
793155473 880360292
522844213 617186821
108049887 171750038
449168571 475525302
9649404 51204486
760296252 812419386
249742942 256600933
190917514 197200331
883414525 936769145
553728706 639328750
878112821 908466763
152163010 166367373
338432393 390603061
878134581 956116562
495139001 540680870
524193524 623210750
820771562 824759129
47240852 138279628
199699838 278251161
472927480 504241587
41772566 127165505
792257567 870994945
265455457 321337617
919670020 971993862
3146626 56644508
728175703 808040664
884900085 957588732
913778072 944531853
407638522 413895171
556148812 606833684
285034750 291150632
111826843 189293729
577537372 606015583
764936580 803070053
98355181 163636088
701842293 720239395
898609782 937755167
8989749 96232361
879755093 923133153
869925770 917371142
37819279 39161356
146514230 231228022
155383347 247230684
734326090 740363748
827969525 907723998
207666764 290724176
477885272 531734966
479280309 526139603
731183130 798851788
145978538 225607666
269426080 321204757
591706704 667423180
300462341 367735092
321818874 322492064
789111923 877767889
528409960 534444133
742296306 759905139
522545878 599018232
810776584 842517980
930447199 1000000000
586544121 634349198
929868585 974050495
253170800 253894449
247153804 252417946
423702679 466359657
589924554 682180569
356023729 370941003
792589985 800011588
484204756 519611972
835262903 912610920
245502237 337164455
443147171 457563931
525877264 589426357
758453887 777246922
792496898 878057789
461993351 492247051
286062193 376898652
401937175 477771451
231818506 281581360
286046989 384674947
858070303 872398256
907214567 999571180
230284237 298172314
173160028 245687190
28834912 82301444
246483937 334517276
462441803 531625002
523620131 598430215
174731292 176256657
121938657 149862819
520741299 561337324
592858593 661880617
21915234 51659677
637005541 672343277
689925909 742015155
889310858 924465734
890251172 980186275
801954905 833457080
65164135 90756787
643405194 663671473
321680436 358591405
97915384 182168612
970854542 1000000000
951333852 968255498
130892690 166579867
153653788 219057078
295030415 374327652
437202114 510472942
605867470 635177926
42181740 89617481
32225098 33030175
763636287 854784841
391413345 425212755
995402764 1000000000
36138835 53546274
70154750 79478362
544182223 602926621
892156547 897073514
224486107 279516861
301965070 392566088
915975461 964000909
884525317 937273030
766930694 865134131
45122705 124552009
808396287 830788900
731883622 766159436
303388024 323302745
531671367 564445720
47150381 86368786
17318935 69363316
587020425 593954085
845833766 925885090
506394343 514028388
389577822 442802475
1065442 11626976
777685491 793015064
788786784 886605893
560301043 630937355
197313200 222033017
711568512 773212830
129812877 148947103
779494795 828043522
297525723 350612594
117296037 164667304
524775319 563926688
723159046 761616428
646041002 745760407
100936203 127400689
755807131 829543491
918650785 963069023
841632137 872564855
27123760 121506615
494026772 508362322
917882077 990581638
245558914 298047117
143356455 209588444
843810539 913971441
362897686 452533187
564186062 645211472
495586440 591059905
496076423 522094427
