129 0
887438844 937621203
389735047 453408605
270215701 333915773
973990414 998271190
754189434 833830907
184254241 220296430
691525212 730993194
179861154 244994327
783545615 784980806
664322866 757673429
54810405 71540183
420713393 497810696
857884750 951893399
926335858 995808208
459159492 555038853
490179045 498762186
543888979 569850958
85363172 122519193
379245729 474609425
350080608 363285067
236814157 258842062
436960971 460417626
964404237 1000000000
404974696 448276412
445164865 472023954
230410917 252067901
958924292 1000000000
369378147 454519817
109995761 165535754
483328710 492782885
764910848 798053090
299970248 348380602
939516651 957231698
715609149 762099546
353537386 362227600
902020479 945545240
688791293 731339189
112818208 144914348
794999949 888573289
423481017 424479184
536170293 559571873
777170335 792761691
79209491 133368452
509076417 520038104
365418333 406403678
697313527 764881870
244593201 271775698
979500252 1000000000
773027786 841989590
837676223 914640023
224761540 279047682
46795797 139045592
700500544 737359997
134166758 164606332
878724950 969878213
379328286 414278177
999588193 1000000000
821349530 880389841
882555240 917956187
685045417 691548628
65748769 142069454
577326647 582398422
351811333 412330726
196326163 289360749
738208797 790233405
360489973 407211152
899449799 957962169
93496736 163147460
7552007 19393247
91662976 169087970
565835314 641640570
465096178 538212550
608992538 655418973
711255194 716542457
494132803 566980095
885179257 913168999
369997015 399449819
804061610 859375885
453946776 466250691
556978917 595305469
737530852 828623298
381610898 390738781
116725948 181347774
430582990 452007376
591027287 618026935
758222673 761814543
761955260 827340481
526699932 568316275
38087843 108763810
888138107 926420930
245658461 288978605
511368600 572069098
713936182 725041879
607936462 669566174
121364569 160253182
121521530 158584691
415165692 470005673
363730206 457595197
863397691 923864214
602115547 650348178
659111336 675144414
637092608 697468244
962952359 1000000000
577130739 614291219
372763979 379335570
152355123 216822663
517637631 529406528
124397632 165151896
74375563 101951857
858201191 888533309
545324576 551289008
397695794 485276627
443895964 516154300
700771297 723146743
51790308 90143110
38127733 99973285
237970657 258288685
58943245 113543138
157148226 207256363
564111778 644221552
460429807 524001672
462383548 490790292
685100731 772877095
489482012 560175862
434946165 444421890
618555881 681090023
738080962 748403586
565557452 623037097
607290473 688529500
