824 0
103978236 202933109
827026217 919582362
987023936 1000000000
85409759 113354772
164063259 250246536
646314267 728015398
618374251 673150352
323949966 383781558
417511855 513006976
449421260 534472843
969788134 972008886
560293847 562988260
539745192 562266365
966105246 1000000000
367326723 437992983
758853625 855678323
56419549 145623862
458741978 520627856
906012748 936865174
402395494 428288864
969441400 1000000000
185935594 275515149
603284677 685381006
115826757 186290053
557164617 639755450
39043689 72597460
903944877 996027381
459744713 508259803
766779016 823241420
741842510 839369911
240188993 241827818
5075496 88877170
186703267 230499424
718692163 794780306
516675998 559888675
309006363 353747969
483878749 514718630
653541878 717927991
948177873 1000000000
373873106 385611445
131587118 198730900
6527248 50187854
10167005 108935308
59581800 63754623
971447120 1000000000
481870421 498580638
951909560 1000000000
839606644 852092114
163991196 222329614
637354881 691071461
401243976 497213232
468993378 561015805
536581840 607520057
823344697 891245358
779484142 862233025
855747044 955536968
421678061 475942477
919015780 1000000000
267720266 301862259
48595738 108820729
490152018 500448647
759947969 784480634
570402129 597920802
822246850 896227363
411790447 419586396
737547154 811365590
321369710 410112222
236742878 301379175
786688673 801722191
522711821 586039121
725080988 783821301
24347276 36618419
234267556 264342365
261732824 330005299
884879991 903053259
395294929 471474609
441059270 518894213
353673823 412345430
982761402 1000000000
660143878 688058864
72758827 171031428
850241445 905627079
184684520 225018279
929964574 980895034
650774457 745270290
90702946 153937895
294918372 384812781
21555825 23327163
2170009 7037209
323800202 366271177
489089480 522581143
187790625 285479607
578061286 626365003
599637342 641028992
702649938 711035802
761712026 789659364
953540487 998992979
980603655 1000000000
5253262 19232826
412523306 496560357
810376234 859425719
898000982 931581450
514958170 577291486
108196082 190180991
790492119 818552215
963462037 969264597
597554397 608994324
652965627 714885343
806937189 833344321
417469490 499835658
695107732 727368839
413157070 483260187
317532470 361929894
169036374 262634044
770498963 840761014
992512425 1000000000
998441431 1000000000
592516287 628359782
276662244 279158828
467109569 540736903
967640766 1000000000
698308402 719508205
645230533 648526338
405886259 464761920
774373097 810249543
20629616 41235668
181317046 255724910
343634167 368817108
576884735 611785549
361912751 427862575
616760822 713515255
705923280 804943643
954050234 999928778
994479310 1000000000
46162500 106828361
682481374 766515387
733869756 792856096
931594800 975773493
962391749 1000000000
496675257 570809274
453447537 479209953
462345038 508913272
430004715 470649458
356711219 370356717
141147655 167972333
953011936 1000000000
867088748 892996483
730976336 756009897
411566012 440714173
684154862 688266041
455052078 535276178
380543958 429620973
254511492 302415570
578714540 657943061
67409677 160899465
378110784 433397686
216102640 297802817
916855225 931791532
365346439 429348704
120374066 171578195
289439684 364626010
108291652 118663433
804917532 832380658
360211228 361374726
295362614 382287816
676760214 713005251
995809853 1000000000
524523567 525685903
615743526 676538724
200723627 256337473
516671558 557111409
970794157 1000000000
129953610 218911260
758266494 828172970
915748173 929518838
720056055 786387894
303986227 365378839
570798653 649027548
387833838 438861754
716196847 762615515
622800913 718540456
848471606 870954482
24711100 62693370
562893984 660708561
291537338 320123229
307838167 340365471
429333402 442658809
160606986 175211669
432406877 444567253
20816695 109854040
94631093 109776107
643543740 652898894
340401523 378736466
800693912 868188817
860733361 903596055
385128884 451569350
902489758 913033531
642478977 668256977
819158641 855758125
998191244 1000000000
588565018 604584419
728881661 808175484
271846078 298642825
912717602 930308623
293101475 298719049
533409551 609804323
731361858 818993282
569682257 641275588
2773270 93914833
217266023 236404487
693533281 765543186
844990922 942787691
160288193 238825118
184814983 220734659
665860095 735641907
193970724 277765211
533142463 575191729
998383897 1000000000
546667463 618837737
954621287 1000000000
265612441 307230703
994023471 1000000000
606238272 629089486
323398330 335525261
896010935 979900747
406157973 451465510
162887685 173656584
395734468 483808174
111343139 141410141
432821122 518376109
918329041 968695243
85352630 118899225
196151456 220615297
50587334 148034842
27934137 81643210
88361308 106309428
55913424 120400465
156135594 229737338
588191445 647547720
462389613 469803939
408548574 507959444
560799597 634083652
881584926 909647256
440213548 471309024
283479595 320588310
678224249 743916136
380387006 437098021
138241562 214595774
54415024 149479553
456382454 466120673
456129611 504412893
566480317 602710664
285308994 304776555
509107365 550834877
426315140 457393148
233055317 305367120
86469223 177149992
591586377 622409128
449551567 510024633
671386841 693074267
204196041 278960594
573503095 615701245
491266219 530964445
969491970 988134342
295220172 307131551
194399735 250999264
341487759 382813187
946591022 962419352
305508886 329859226
594837224 688645029
219563087 318879990
6123373 93965682
703610570 740081459
239124638 255719624
951322078 997465553
632762942 696351623
568649848 659307089
866195470 900961726
504625984 599560653
223911515 249904152
517652847 604015339
149301833 195403664
956917583 1000000000
333589013 362289360
864533461 889038092
840373472 861575310
136602476 157228826
687186345 744731175
70840136 140924949
895957768 981189785
865712331 895454302
789379731 868370310
18330493 29886416
110677213 135937111
405514695 472136276
598680604 673861640
317028023 414934277
862396838 892642596
706460254 783542849
878238314 936912806
617984039 687657895
272897624 275301344
342243441 347177852
887777464 898852777
603263896 661785625
654790797 660127311
455225867 477927680
749996773 764107005
857133876 933114297
288679842 334003098
441051266 492491866
660251099 681452400
122204966 197228582
77205704 127096798
945816940 1000000000
416002054 476141543
785270255 846164074
678819959 749713003
185634011 218650470
961408433 1000000000
404103360 432930883
956242885 1000000000
35263040 53792796
899422691 980605323
463394474 489877235
966854645 1000000000
258876688 309606688
431129917 508069065
753906215 827658905
410402700 415319504
816168900 901537866
325788446 346247151
434420051 526308873
228477759 296411319
947668382 1000000000
57345359 148651849
590106632 625397088
188914016 241478293
613977962 694067730
927941150 971961461
522602732 527755564
434356343 478883970
80113057 95223821
687934236 741204702
574066993 628619751
133663760 149616752
979451934 1000000000
809902577 828380214
422607764 473417393
411389982 494050331
274891754 347709874
847247312 850138434
798950013 852778459
807827096 885042885
930984958 1000000000
386069675 460249245
1078296 11345146
534345481 579592003
93371210 186169839
771676177 857792344
152960238 182099016
392576320 394454428
529117211 606589592
381534151 409852531
601413147 687161852
275986073 344123674
573701166 613112208
870606845 878484375
163719904 165075672
549118021 623921071
936418346 941117477
618799127 659559357
847456869 937551363
587934991 633573208
639957982 685511853
515378431 567220757
846630392 935984880
2245301 71085839
922625641 948573093
764080308 838036133
497576583 559440725
147881409 217615846
196327609 292450501
479829391 577540781
965771531 1000000000
758682518 853098857
866211815 912840223
486046528 531902996
564164970 655957764
788317602 834712821
384460816 480042856
814737322 870787349
381551205 448554750
177140604 225547723
576833740 646076425
335581950 360055683
626092605 711006236
509570526 558838304
906778580 932228647
910659514 927622988
404542840 415959589
511597806 525525301
571024651 583571175
186172715 275218880
884420908 927832536
782751441 794430501
873382903 890816492
93606703 95703524
52026363 151999311
42072274 128607701
577847059 666368326
307394165 361885918
957367111 1000000000
372071231 418088210
479086574 493204853
451658724 491979369
330584348 393092594
991886970 995595251
715378639 719221834
663486553 702876677
341028726 364542670
620455347 704031733
195439717 224323849
731220292 740057209
571625555 653895518
967300020 1000000000
199469143 240022792
990858015 1000000000
679931200 720711920
712278009 801537027
79466456 97759102
438432277 518050096
238238819 326522619
111585180 137597765
574713252 641255928
326953832 375575655
895250804 921091082
594486406 631306458
766812546 779051634
17332511 35705513
673373039 712227785
388612185 409084342
824863994 877322459
83463083 104749424
734468464 820602969
646627226 651141344
428735448 513458144
708367820 736070037
594021597 606031573
932090249 968664675
26973669 71388518
480686392 558354461
202275023 251109478
370138039 450170858
384621787 464292265
506810239 579131874
747895080 825632328
966260335 1000000000
641173723 663270693
354711473 356840425
809068994 908701498
106224422 183211705
932518481 993984096
496756342 551364197
981563492 1000000000
39216361 77159852
397260122 447766509
608019231 611020840
686103612 777529536
746554524 797110678
768208913 799917861
393700279 470685006
914922304 975080216
647775053 655315999
862099785 915071994
4289000 12286540
426520360 460082651
187681767 252289593
181209329 184559764
630990831 684302834
860462597 912467971
277565560 377474800
237143789 292914595
596903945 602325339
854988202 941052411
320912802 384058347
542587485 563085138
603745013 690751315
761193537 772764165
837782392 878331265
255432957 273945053
573515750 602319958
80146621 165936797
575740341 636410756
94026110 129416036
91471831 162214136
547283654 562949320
170400631 238965503
843428570 915118818
64491574 76660803
642098203 704396488
639766801 699900641
4997216 31564862
3097690 11918115
818030314 884153953
910335745 932645097
858163526 930867136
541512787 552587092
117282766 165254804
334261404 408720240
647697338 700114327
21627124 97349481
979596495 1000000000
697232604 714521054
351788902 420981353
508998842 569495227
484035249 569689193
852304662 892301018
929869401 1000000000
436717860 485003549
733263079 821138986
259106247 296473520
132533711 220262158
661860567 725349650
705226921 753139904
271207919 321041169
199655600 226556760
201003815 256022616
378404523 457740976
916278567 950785499
705362432 759940705
442978748 496747201
16325715 41923892
291179665 306489347
895421783 910486769
718168315 813386116
895491951 911041449
34479440 105410068
957977985 1000000000
834320976 919068281
836625394 858701011
391587847 405711408
999500273 1000000000
546923944 619951485
492376895 586946153
875172766 964427975
52382059 133592227
20853174 81798611
734790806 757616079
901011917 971790628
86800731 145944287
49011716 84915913
259539072 327985280
189133014 249571049
538491177 589535226
562236221 585969535
254415075 330455066
964119169 1000000000
688400909 706046091
690251997 772456450
428737637 478223965
2560445 92406157
598111418 669047283
9357704 24047448
133533096 152102332
333288868 361139208
712433721 784519157
474403749 540380309
255991668 265148663
547246366 590847710
74808849 115682339
137607396 165708859
933659435 949561502
147867374 201639056
148959118 206365405
205093109 300854694
141319561 180117699
479399140 537209943
809975654 825875818
821698508 896815382
908969603 956076132
654721754 681218867
125901748 147518276
520481179 564482552
826980433 841408877
258778238 325048620
10019371 76351350
854453611 883669499
555296450 635617443
510724169 539917995
956546062 971389000
370110971 407635087
668204427 728567591
493363783 569841078
332528368 392069284
986624003 1000000000
408918596 464791826
289603192 372595387
577536886 632673818
942775999 1000000000
1861118 74844012
571085252 593575029
698091086 781175018
36628975 54451486
502419287 588034178
207276413 250158057
68711611 167735898
440911262 494791166
384031142 439909116
46415913 117866839
275829368 292262279
744410231 838746419
363848809 381487468
599005275 603511778
624427285 720069459
798170610 875723559
795847814 872312610
666358932 701571715
855952305 883890977
379446325 404628857
772648411 845062589
988659040 1000000000
922059579 982989296
102652805 141149045
897615043 900740918
449948761 514842563
761252179 859033966
943436309 1000000000
197909886 234825706
242272382 338091316
246953219 271749300
873514527 940637907
705154737 714740120
83648105 117627014
639833576 689514811
500940966 513157022
861605165 958842077
66736837 91029804
722649631 781756320
692172689 695837796
835654277 868416751
701935878 754069205
51683914 147738375
161891861 231843710
262553712 354590418
617866582 636075937
864768927 908787513
529030585 561925445
64012720 148419130
983364848 1000000000
834664397 869184747
299698783 372977574
897915195 987062681
956301518 994214668
336709582 403547478
11902354 33818566
337797973 390252071
296000792 364711195
39617174 68020690
877495002 928905047
255013103 354787428
176132926 276060108
901104924 902206900
677598336 723277667
483501308 497030984
286786227 325692634
637490792 652795165
246765293 341045165
434141312 497763853
829045605 881076703
952153284 977322079
957564027 1000000000
428591434 500519798
379120053 393122948
500495236 579787665
425314425 479697665
350949810 419794959
796402341 868224042
277918854 279406120
482917609 508217997
382857442 404409676
844056685 924794301
856395584 925000725
172967269 209644731
965057376 1000000000
752924918 837380660
407289337 481786511
466258709 495033148
210188767 237339454
513943608 567099055
721237565 749765658
335022322 338590020
705016134 759727315
591969520 626422133
37573649 71737905
195391137 210664935
250790546 284951304
224357130 281159185
609009764 673217722
320226002 415196864
92408322 157672956
613393959 699528210
805321645 868987798
513421188 531058218
742475712 790620057
735020768 789081889
253354933 255359024
724272909 800713449
259103727 288953405
114322333 133926407
296086591 321111262
605934978 629234389
609300801 643289537
511545396 514427722
923439749 1000000000
78607427 82468582
243389525 252675348
167047146 229086334
822188783 862271493
980669458 1000000000
726811050 745968606
533620408 555696495
679644166 777317376
270878927 364040311
395072300 461524960
874074190 895847072
117084781 127172896
971483413 1000000000
535996938 588175723
74036591 130294870
924510237 1000000000
496874312 582472091
689444551 721140447
282532486 351667704
600029527 622583357
376164795 473762323
880630691 891778621
260908564 335809137
451548347 543479685
869434776 952963799
376122255 377265568
930545430 946208255
456662598 514212716
255373513 325353658
258242282 300877600
851210473 942751767
325281602 408641684
89624223 148981729
576196993 593950034
762743791 848126267
662937326 672370216
853784842 858150062
350836930 392849670
509692412 515802838
332435485 351196847
37513493 89238845
162656414 236317985
149711454 196472143
263309258 281003483
490884316 525003344
716580585 772425398
50680022 108110939
819365050 899993781
924497259 968238848
875442607 962388964
117273790 201973119
612480253 619359500
596557009 646483643
39599916 83375789
437489672 498713068
870900016 898521070
416182941 425099187
607487396 704839147
545688669 569824067
450593390 499714928
518976127 519498453
812203874 842487369
191807900 246799160
349583324 401836427
479249331 520173594
139250404 215842817
357121919 372002920
203397015 294360267
318446922 395007513
68659110 102286342
41130574 88685984
336364587 424641520
569548912 632780672
306889388 343450045
193307342 236965618
357771405 374334646
499562853 562856109
240482682 322960946
978846749 1000000000
169776873 266403372
189592036 287098652
540532045 603871357
205739691 302135518
328501581 330587851
2416597 11258054
513297476 583565629
475901570 524364502
834505367 885674325
908256868 971273689
273011141 365201764
413010549 465350596
774533902 869804706
22507230 89423415
895649233 919698920
5356700 32743537
781544968 866680449
266342035 269052702
6467768 63070345
886277002 979042484
405092666 491886126
686437007 724464876
515206508 608866838
850348162 938717249
609348349 699452983
80090399 140708432
287580971 308842805
842527058 915386324
976986582 1000000000
611319510 676275138
