3898 832
32954 37504
23599 27822
6503 8545
3949 6047
32150 34767
42293 45284
1240 3551
18084 22479
47810 49477
33749 36240
10765 13720
48311 49614
37961 41143
26983 28162
18719 23256
18051 19161
21680 24815
33353 37995
23519 26424
1185 4923
27144 27906
10415 12419
22199 23936
44473 44872
38584 38779
37430 38649
35493 36782
9835 10011
29234 31673
41007 44084
19428 21061
36166 39587
26468 26807
22003 24509
38868 42608
49997 50000
40175 41010
49706 50000
2359 4994
13484 13866
32294 36572
22662 25852
40242 44977
15355 17888
29349 32655
22264 27030
21333 23407
40933 41114
40429 40453
29019 29678
30246 33010
8465 9451
12192 12546
47684 50000
35396 36437
17025 22015
48143 50000
32995 34401
35608 38411
11338 12364
23711 25074
4234 5970
10303 13829
43547 45455
17360 20634
4534 8976
3867 5201
9688 10719
46011 49508
47101 48397
38544 38578
32834 36252
5660 10566
47541 49335
21340 21724
33069 36394
27452 28250
22900 25072
33818 38151
10731 14154
1682 2702
10809 11656
29189 29802
11973 12039
44435 47954
22851 27720
17929 19461
13429 16742
29139 29491
28200 32750
32288 35215
24812 27868
4342 7396
40658 43012
46680 50000
4174 8474
20002 20296
45803 48936
6748 8202
40641 42005
36516 38754
48050 49912
23410 26180
43625 46674
23504 27242
3586 4802
21864 24996
43845 44321
41875 44329
49867 50000
7731 10407
13345 14898
8703 13372
33210 35988
45720 47732
37883 40476
18790 20674
7015 7415
49033 50000
41614 45047
5926 9703
29315 31222
24871 28984
15817 19043
6546 7725
1812 2869
41341 43029
24992 29864
43891 48368
22976 25009
31307 33286
38051 39858
16795 20987
48854 50000
18679 19398
4334 9037
24065 25504
31681 32262
42009 46854
27621 27910
29098 29113
7005 11182
37427 39829
40802 41008
13 831
27366 31390
32756 33401
49316 50000
14533 18365
25103 29652
41513 44348
16251 18718
24813 26360
48387 50000
32199 35567
16281 17193
38357 39794
39536 42301
24948 27772
19564 19824
28279 30906
3335 5799
18750 19965
39556 41232
48530 50000
7531 9985
5294 8750
30476 32265
48816 49073
33628 35397
13764 17509
24015 27478
3239 3878
43607 46321
48752 50000
15482 18276
17725 21963
43372 45466
8024 11990
24189 28086
33826 36558
40375 44615
10427 13096
37212 41230
16487 18260
14965 15146
20257 24586
11922 12314
14304 16005
44906 49216
12524 15533
36318 36720
11519 15646
27867 32206
49585 50000
19577 24567
18980 21408
24482 25087
9179 9726
30337 33241
7917 8277
21209 23200
24049 28258
33396 37491
17609 21146
16511 20177
46538 49608
12454 15993
28475 30512
9252 13002
34249 34692
27402 30137
44528 47546
3288 3757
34722 34794
34192 34555
44682 49127
3305 7308
39310 42417
26962 31312
22419 25818
2447 6368
39380 42634
34265 35435
23298 24507
16342 19166
46938 50000
22310 24270
20471 25162
13030 13961
14869 19056
19353 23950
33883 38508
38826 42387
15388 18917
16712 20826
31052 32378
19758 21626
28475 32652
42993 44988
28313 33090
39299 42662
6996 9545
46317 48418
39742 41488
31471 35144
17746 21071
12377 17201
43640 44826
2579 4479
6571 6677
39934 42727
12325 15983
42148 42301
49530 50000
37441 37645
7304 12042
44000 47849
46386 48234
43737 45682
34662 38747
22005 23516
25722 30060
8571 8681
17063 19116
40784 43333
21399 24814
33178 36575
42481 43651
2012 6372
7626 11096
42961 47096
17241 17511
25491 29747
26215 27773
8957 10547
36604 37555
15714 16086
26814 30255
31960 33451
14274 16948
41858 43469
18990 19143
19707 22770
1594 2207
41404 44074
11857 15408
24317 28810
12771 17267
1164 3476
44751 46079
22191 22993
8544 12326
45734 47050
14806 15454
8188 10553
34421 39301
26537 26746
11212 12745
15657 20014
20365 20630
8217 12883
13876 18778
20927 23988
45477 47183
22590 24254
16670 20229
14555 18134
3970 5213
32734 34056
18004 19197
31696 32405
17032 17968
48933 50000
48026 49497
22511 23025
39836 43434
45486 47244
41419 43335
6591 6923
13727 16724
37011 40428
29014 29659
26911 28936
30369 32445
24348 24439
41044 41262
42442 47439
6100 9961
21507 21822
28761 32614
41670 43153
26023 28837
30380 34574
9767 14622
6367 8402
18154 21429
13047 17462
49944 50000
8950 9035
8617 10299
20038 24351
39215 42402
13529 16753
41049 42410
1200 4029
30687 35251
31653 35627
14451 15093
2144 3360
40160 44380
29714 32263
21951 26393
32212 33245
47244 50000
37999 42233
13613 17898
24294 26170
19637 19770
49972 50000
38810 40946
6182 10356
17574 17932
10340 12157
46874 50000
7075 10090
3125 5633
29792 32766
18411 21181
29637 32214
3898 6842
46391 46988
18213 19125
36512 41033
24870 27661
255 2110
40285 40672
40079 41397
9252 13366
4576 6145
33674 36782
13757 15580
28181 32685
22142 26354
31399 32696
45082 46216
29434 31507
9194 9322
32340 32573
5459 9924
32017 33631
38339 40298
22142 25421
26013 29131
39804 40739
19265 20232
25810 27718
6862 10317
46616 50000
4513 8781
32449 33443
6514 7040
35411 36673
37939 38324
4239 5280
15020 17178
197 3696
2112 6552
44742 48955
6009 7694
2821 5132
7728 12482
34255 35198
37196 38595
14040 18711
31655 33569
37848 40962
17580 21268
23175 26775
31521 32317
5089 8414
2300 3884
23648 25715
23169 24750
8735 12474
20870 24860
47351 49485
22985 27014
10317 14712
18862 21715
3384 3619
35229 39419
6825 9580
41198 45210
31905 34745
24936 27637
19372 22696
18686 19542
32775 32782
6270 11128
34980 35857
47369 49371
46812 49358
45502 46559
14981 19576
22158 26345
15659 16390
21563 26154
15598 20559
26792 28276
25596 25998
32657 35022
13271 13442
33758 38001
10486 12094
22225 24062
14474 14977
1907 2092
8180 11770
49745 50000
31791 34736
15873 19094
37267 39525
4766 7752
16050 20355
26916 31301
24561 27322
35427 39871
12572 13302
33585 35333
47993 50000
12955 17338
4635 6085
11457 14466
15183 15781
5610 6722
34486 34701
24097 26334
8951 9456
39363 42953
35952 40145
9991 12450
21257 23117
2536 3114
28160 32224
22950 26351
22344 26148
41225 42926
23653 26855
31861 32788
34794 37532
18010 19746
48025 49950
16557 17474
23572 27644
23977 25222
25208 27012
14636 15069
15144 18700
47672 50000
4179 7235
35760 38898
2209 5587
47181 50000
10084 14962
12723 14057
14197 15831
30200 33272
14616 15765
37212 38689
32738 34436
3811 6528
44707 47725
10251 12470
46526 50000
18892 21587
49788 50000
22887 26140
5134 9342
39375 39949
36217 37017
11103 11468
3030 4847
13865 16843
3547 4340
28585 30817
6806 10199
15679 16876
29661 30017
4042 7350
1703 1869
454 5138
17256 21863
45046 48008
45278 48203
473 3587
37823 41873
34488 38346
22541 26550
45961 46706
6510 8166
25603 26343
17883 21827
46714 47217
21889 24990
10000 12561
17581 20492
23158 24521
48354 49283
8988 11622
41848 43571
37021 37234
13216 16282
7617 9084
7474 8699
31230 35470
6576 9480
103 1765
18577 21739
45138 46200
6931 11671
29774 31314
2913 7536
10865 15044
21236 24404
7457 12148
10487 12933
21482 24130
20511 22487
35475 35968
42688 43884
10551 11359
45872 48041
46558 48100
32154 34525
19556 23429
26891 30001
11297 14922
49461 50000
2756 3234
41358 42461
26926 28277
49777 50000
32814 37404
17683 20913
43790 44552
977 5739
7015 9908
11554 14548
3729 4028
42627 43838
14756 15115
40218 43682
41283 46080
46994 50000
32350 35953
32830 34130
35876 40180
44827 44865
1858 3095
47315 48787
44296 48586
41322 41655
46014 50000
43489 47819
48819 50000
34067 37946
26689 31238
29690 31752
36038 39061
28859 31586
23193 23629
31283 33928
19981 21536
35038 37985
22781 23382
14346 18961
28368 32540
44230 48682
40301 42492
28726 33291
38710 39978
6397 10838
6733 10755
26669 29984
25153 28947
22460 22685
7319 9972
13375 15030
43408 46631
42785 46146
49804 50000
27387 29734
26936 30129
27105 28420
9092 13102
29845 33395
35646 37876
47083 48595
22146 25779
33768 34274
32533 34922
20538 22754
4979 7677
34898 39559
23635 23706
39116 42489
35834 35980
28937 30456
8528 10885
34670 37840
932 3400
23416 23917
49497 49723
43 3750
1072 1851
30775 32594
34740 37440
35722 35849
3103 3710
33160 37227
1506 1920
22913 26948
39558 44093
49967 50000
12629 13402
21971 23043
5549 6218
11240 14926
20577 25073
2635 3585
19224 22373
41736 43797
9146 11270
48048 50000
15412 16561
6530 8724
40694 43470
5713 7200
15380 16408
23860 25930
1603 5809
15431 19505
8594 8862
25187 25979
3043 7376
21549 22719
8631 11058
1967 5168
48312 49873
4055 7197
23334 27311
44077 48750
6486 10303
10095 12448
9233 13239
13983 15966
33585 37503
10304 10340
10912 14102
40727 45002
19668 24496
37734 42232
33676 36634
91 442
12132 15283
26631 28413
21073 24947
32125 35234
35532 39539
34669 39454
18572 19904
1775 2861
6631 9732
6983 8686
48698 50000
12109 12676
21779 25801
48297 49018
24057 24533
15912 16779
20773 23708
31104 35374
932 2553
40636 45626
27799 30036
26685 30075
49619 50000
44654 45049
42608 45691
14770 16816
8390 9738
22919 24053
42807 46934
13061 14629
47577 50000
38753 42698
24680 25604
21795 26394
3560 8137
14108 18260
44775 47215
31086 34255
19153 19207
8978 11055
12916 17531
48899 49098
30688 33962
24556 25697
34010 37528
38411 40767
20420 23588
8196 12054
46822 47580
8467 10387
12719 17548
26076 30015
29034 29309
4116 8689
16796 17881
48910 49788
2590 3759
44776 48324
13404 13907
28718 33167
33456 34486
37348 41695
14875 18779
20262 21164
40343 44991
18802 19815
47407 50000
49497 50000
39117 43528
37110 37415
182 191
25375 25967
35639 37246
30813 33059
13732 14299
1747 5726
45484 48898
25034 29177
1229 4527
3622 3859
45781 46508
17106 17855
11511 12791
9311 9537
26336 29276
36815 39532
39680 39830
672 5107
33649 36166
26413 27092
23566 28535
28908 29634
13488 18174
40302 44381
20849 22761
35232 35557
35511 37742
21764 23881
25279 28977
20429 21132
25895 30297
16863 18295
16117 16803
25085 28868
2397 4001
9672 13471
6586 9879
49672 50000
7770 11173
35201 37119
34986 36528
19504 21443
46964 49641
31841 34907
48533 50000
38680 43556
26578 28736
24527 26095
527 4027
34789 36294
27426 28883
42046 46873
38816 40373
21791 25544
1452 2176
5474 6275
15238 19588
21221 24086
29085 32438
49304 49539
7179 12102
5454 8997
19482 21271
37256 38893
12539 12792
9578 9778
1871 2301
16554 16713
18710 23408
21666 26134
6560 8196
40172 40284
9170 10488
23930 28426
48739 50000
13214 14686
2533 6240
17885 21178
14429 19291
8025 11747
47736 50000
30656 31918
13594 14391
43626 44766
46820 50000
31044 34060
14063 16945
14855 19464
8406 10001
22539 24279
34848 38368
24715 24729
10854 11108
40823 45287
6783 9422
32920 34878
15301 16648
18070 19404
37651 38643
3141 7494
19062 22993
25940 28509
22966 24266
30836 33834
34462 35383
9101 10513
43427 43965
49860 50000
16445 18099
37854 40240
9619 11739
7954 9729
44282 47441
1477 3814
18724 21865
719 3393
10671 13041
37505 38884
18597 23121
1912 3201
14430 16857
48823 50000
42502 44959
19059 20172
8225 11615
34528 38635
3152 6542
47617 50000
20965 22103
11647 16501
49214 49398
21665 25203
9014 13389
38603 41417
26178 27194
35187 35834
1932 3380
25620 29782
43846 45745
9735 11378
46731 50000
5433 8464
43331 46082
49292 50000
34389 37197
15388 15418
26996 28297
6467 9308
37657 42518
40980 43878
10847 15786
21873 25394
45306 47427
45027 48627
39945 41658
19185 21773
26437 30965
37961 39118
42017 44174
19829 23687
33288 37400
35908 37370
36214 40003
16598 17738
13871 15382
18697 19916
37678 41239
48110 50000
21499 23300
41294 44689
35957 37426
49884 50000
41577 46161
27159 32016
47826 50000
13095 18038
10161 11233
45807 50000
38590 42326
32941 33086
35496 36817
2784 5388
31852 35316
4682 5280
48634 50000
4150 4762
2778 4446
49184 50000
16568 17214
11623 16020
15997 19449
24741 24853
9216 11304
32292 34814
24417 29149
8611 10611
33219 38032
34509 37884
16704 18876
34620 39329
37113 41941
12252 16393
876 2105
24448 27601
33543 34188
36266 37336
40141 43510
35140 37886
40305 41056
23029 26975
15983 16623
29969 32378
10917 14195
13501 16689
38453 42216
43880 45353
29733 32283
29767 32745
8466 12693
44243 47700
34803 37114
6940 8379
30714 35160
46861 47784
25208 28861
49451 50000
26601 29909
15198 18958
7297 8082
33798 37854
38378 38528
15114 19192
45111 47179
11639 16474
19467 21517
19134 23448
39333 39429
28846 33037
12918 15988
441 924
18131 19185
41351 46125
18760 20328
46065 47870
5157 8394
42090 42332
10872 11513
3007 7954
31736 32124
1146 1982
46803 50000
7955 11594
40930 44235
16421 21045
35341 36628
4160 6096
47775 48960
31656 32330
10324 12347
41305 43148
37978 41811
16823 20200
38674 43080
16458 18308
20813 22658
22080 24941
46036 47828
38571 42267
46893 47774
35567 38433
35322 35877
8407 9680
49933 50000
191 3991
11842 13753
45525 47698
38874 39479
10288 13201
43742 43749
3154 8138
35467 39745
13410 14800
21599 23226
48294 50000
39769 42515
3795 6015
7458 10078
13740 17818
27563 31445
815 4572
37735 41785
49134 50000
7472 10765
35001 36043
5849 10096
44738 48251
14219 15379
25627 26633
26768 27757
8208 11800
47767 50000
36150 38163
2746 4715
19941 22970
27954 29642
15088 18383
46943 50000
27962 30209
43768 46276
32248 36872
27330 32107
29448 33967
17893 18796
41860 43701
22787 27035
16954 17593
18804 18970
11164 14967
2169 2628
25894 29211
9363 9786
24819 25289
28387 31484
47708 50000
43980 45365
36186 38338
41028 45599
26553 28057
42894 47787
12245 12568
28354 31969
5936 9647
38942 43085
43145 44060
2896 3270
49879 50000
29814 34388
23430 26971
13782 15126
25387 26103
36809 39308
26348 29202
9979 13595
12187 12342
41002 43042
21907 22644
7664 11028
33948 37095
49208 50000
37095 40013
6687 8670
9541 13784
29868 31486
1183 4681
14231 17877
46062 49699
16938 18295
42629 45168
35848 37595
28141 31003
12904 17230
10074 12700
29743 33497
37444 38269
1236 2180
5633 9666
49129 50000
32762 36002
8456 10309
242 1690
25011 27029
41280 45373
8330 13324
34967 35593
20971 22696
30042 32664
34569 39088
46065 50000
23914 28037
4844 8313
11932 15518
30923 35686
41359 45897
9489 10808
47840 48118
10373 11991
5476 7534
12893 14509
29254 30697
2980 6853
16722 18873
12334 14239
20859 22778
45831 46163
45859 49053
36167 40313
10423 14253
36235 37488
9957 11086
29181 33140
20958 21174
9072 12727
31531 34908
47414 48319
41516 44218
12486 17113
28334 29240
32398 32734
47494 50000
23512 28300
17155 17950
26494 29223
4372 4550
20259 25233
40070 41885
38897 40587
14200 16726
10779 15092
574 597
11354 13732
26806 30611
23895 24154
33155 37583
4198 4386
19977 21821
43894 44618
35277 39531
27352 28190
38825 42230
4090 7024
34474 39308
17080 19021
47094 50000
43335 46534
22102 22339
30113 31548
30228 30735
27277 30931
18926 22232
45400 50000
49650 50000
31250 31476
27306 28445
41205 44644
41196 42441
1482 4963
15986 16674
43533 45902
49084 50000
11366 13636
16786 20610
32677 34386
29556 33839
15189 16801
26048 30621
290 1405
6556 10845
15567 17974
43371 47426
31939 34124
30283 31728
6112 9651
28931 30888
13193 16458
17630 18760
1943 5020
41651 43772
717 1286
46021 46769
43801 46551
3264 7199
11198 12807
31423 33458
21795 23383
40030 42325
24022 28671
14513 16425
43125 47270
38974 42118
44082 44226
37905 41110
33256 37136
22637 26546
7834 9740
16155 18486
2876 4359
3046 6309
15977 17560
48855 50000
46856 50000
39529 42397
14246 16661
14903 16439
2785 6590
37380 41378
18784 20674
43489 48454
26991 27150
22341 25182
46541 49558
5240 7804
5148 9669
3618 4658
28405 28675
47586 48561
49103 50000
48566 50000
12046 12528
43869 46040
33592 35839
15024 15740
23341 24847
37964 42676
23675 24639
15030 17977
42840 47076
25162 25510
37771 42178
219 2969
20855 20873
7892 10377
5276 5566
20311 20603
359 1362
3893 8209
26115 27060
25433 25846
27105 28172
18652 22134
30475 31758
31234 34646
39260 39480
31105 34957
14 4606
33707 38620
6101 10976
9044 13994
7081 8074
9342 10100
43837 45594
11957 15055
17215 17985
26160 27432
47132 49750
13232 17506
19891 22576
37424 37822
35466 40039
46656 48081
7646 12063
11099 15956
18385 19566
1709 4290
4190 7779
26070 30894
14856 17739
38762 43191
27591 27636
8910 12664
34224 39038
46293 50000
4682 7965
5539 8723
27504 30075
35826 40811
5922 7765
22858 25594
10324 13650
23057 24340
49972 50000
25166 28307
42894 46163
44167 44579
1192 3086
46016 49112
25796 26635
16682 21095
15557 19538
5717 6523
33393 37757
45283 47530
14083 14899
6332 6495
8616 11737
34016 37349
20364 22365
46935 48239
16007 20074
30762 35649
32618 35321
17170 19908
39179 39588
8425 13274
7869 12377
12323 17108
9257 10505
38998 42597
33285 34401
28953 32122
49019 49379
14660 18552
39750 42900
10884 11700
37548 40488
35825 39084
44707 47895
46076 48702
7528 8038
41206 41661
20055 20968
30149 35011
20082 22722
2743 3561
3428 8262
32781 33462
15037 16991
36151 40396
24570 26658
5246 5843
28473 29081
37623 38922
36113 39107
24163 27820
3708 4401
26415 30972
18779 23175
49774 50000
17952 22732
30273 31915
34484 37297
8198 9048
33321 36768
45471 48788
25297 27106
30536 33628
42756 46924
18275 20393
44526 44931
30085 31821
36275 39254
31901 35016
38307 40115
37399 39227
35002 37824
41448 41966
25723 27143
13493 15513
49268 50000
28198 31481
2362 7089
22633 24566
36390 36604
17811 21712
40613 44703
32147 35995
42520 43526
40459 44420
25450 26759
38651 42669
6836 7020
42413 42700
19425 23253
12325 15053
45176 45838
20815 25192
19208 21752
33895 34081
29738 31550
6175 7776
19741 23007
23624 24106
33247 33334
10379 13028
7917 10498
44990 46758
18216 23055
44034 47499
33450 33902
38626 40526
44453 47380
46926 49782
10936 14568
49535 50000
38727 38972
10209 12794
19924 23833
19256 22967
24272 26185
42716 43777
39833 43681
41927 43475
13078 17674
1905 4383
36104 40999
34082 34416
32502 34069
1283 3182
1770 4711
10085 13067
42690 43385
35549 36741
9026 12339
29628 33571
42795 47548
5282 8768
43950 48838
15415 18973
43327 44993
33727 35945
26223 30630
15427 16053
5537 7292
4888 6034
29393 30563
8651 10588
5049 6972
9135 10717
31299 33780
16887 17082
40639 41324
20467 23140
40212 44160
38845 41565
27773 32482
20453 20498
39754 41523
19481 22547
15487 19908
47989 50000
47661 50000
33573 35470
37010 40579
3336 6819
18283 22199
2611 6718
1972 5886
22127 22168
47703 50000
9199 12325
12151 14054
15999 20696
9993 12541
2242 2914
30572 34383
8650 8976
23297 26525
29248 33260
9031 12473
14669 19402
31654 32790
44903 45184
43077 46024
38361 41993
35650 40291
22901 23840
42909 44348
42609 46626
38173 41537
37008 41948
12865 13909
29716 31276
25798 29649
3413 7129
36055 39896
30733 35671
19486 23153
13144 14498
42460 44010
37781 38461
32338 36246
36514 38668
28438 30285
44375 46871
39337 40186
42019 46808
16985 19131
32733 35862
18952 21540
716 4742
49646 50000
37238 37996
25702 29182
17839 18687
1271 3028
25591 27186
26985 30916
2800 5595
3454 4718
35151 37574
49993 50000
36995 41243
46636 46867
33691 36107
28824 33039
18751 19340
20626 24915
19738 20409
26009 29482
7948 11431
4767 6870
37584 39153
48278 50000
27759 31669
16279 19483
40991 41896
37998 39435
15374 16702
7906 10947
9644 11556
2723 6438
33972 34469
40913 44653
8005 12906
36908 39461
1061 1073
42254 44571
37065 39239
23038 25544
14031 18849
43182 47251
47779 47843
4232 4391
23577 26077
42955 46706
22829 25556
47429 50000
39285 41532
26652 27932
42124 46601
29938 32613
6470 10540
19173 21966
10996 14645
13222 16580
47420 48689
7671 9085
48351 50000
28988 32364
43999 45326
10345 12433
36123 38100
42721 44715
2858 7171
13832 15127
12425 15696
27391 29584
35414 40196
22633 24624
25883 28246
25914 29880
13424 16783
18722 19907
1184 5721
13680 18528
49513 50000
16035 19313
14855 15592
12908 14152
19042 19253
29386 29413
39885 43143
15400 18463
6613 10686
38121 40926
21691 25527
19055 19446
47231 50000
7243 8968
33268 34463
337 360
24124 25535
9425 14110
39899 42406
15198 19467
31619 31656
14970 16662
4445 6463
42541 45154
26148 28612
26164 30557
684 4084
16586 20596
24748 29590
36632 40271
28717 32536
43552 47370
20846 24258
31029 35703
44859 47856
47895 50000
2185 2916
33137 36191
22636 26614
36351 39262
35576 36180
15719 17069
25580 25810
38978 42780
41957 46162
9250 11848
37512 37908
40766 45499
2272 3075
20500 23051
44866 46328
3857 8343
21910 25243
45409 49404
42040 46009
42156 46003
30171 34939
21009 23198
40920 43612
45810 49879
34623 36237
33693 34619
8947 12059
31125 33908
37894 39833
37455 39871
10801 13408
14765 15189
5084 6844
9074 12678
39754 44686
46579 49335
39261 43786
33516 36130
9151 12988
17374 20865
27978 32231
4519 6373
29070 33795
46388 50000
25936 30727
46168 50000
22319 25138
46031 49124
25783 29522
16461 20508
16776 20924
7193 7342
47837 50000
2608 5132
2426 4202
19384 21584
29551 33011
39044 40406
37253 40340
41829 44548
14321 16106
39229 41643
38358 38724
39240 44185
19065 22862
4287 6929
48550 50000
49178 50000
12636 16262
46490 46980
23864 26737
7038 11559
4876 8235
20134 21858
41107 42321
6230 9898
43822 46054
33738 37707
36871 37974
16030 19306
28814 32445
10851 11015
11695 12067
17287 20836
43096 43304
22030 23582
32888 37460
33958 34102
43138 46825
28518 30600
30565 31892
20136 24883
19510 23107
43991 48942
44657 48980
21020 22779
46480 48396
23264 26821
6035 9702
11760 12194
18005 18788
8845 10262
44240 45109
17430 22274
42292 43270
23003 27301
43971 46882
28442 32337
36874 39548
48327 50000
12424 13224
48363 50000
1937 6291
16676 21487
19759 21583
24384 28035
34244 38359
10353 11271
34340 35781
47860 50000
13364 13461
1378 4250
13470 15878
8145 13124
1172 1279
10916 11241
43193 44446
12276 12331
43211 47164
36502 40930
41727 44393
21176 24836
6815 9342
44847 48099
5472 8401
7536 9423
34325 39070
34053 35678
1047 2701
16923 18419
35434 40429
11661 15454
17053 17533
14084 14095
11228 15546
1630 3028
19236 22361
21006 21088
19741 24212
12754 16336
22017 24187
25298 29274
22717 22891
17271 19113
41457 45980
18007 19432
43059 44422
37831 42818
9614 13240
552 5023
32658 33996
40636 45496
17268 19413
17664 19982
3073 5345
41501 42442
45606 48224
22898 22921
835 4199
19042 23335
9658 13136
32963 34477
32822 33347
29578 29863
32511 32855
11474 12550
40271 44935
25275 30025
5442 10012
11450 12878
47549 49674
21460 22417
36022 37672
42222 42325
42677 47121
24263 28468
26946 29820
29296 30426
35702 35877
9888 12950
19127 22756
44209 46353
39564 42351
49889 50000
26740 30376
15745 17023
8229 11317
6305 8329
15201 16089
16203 20756
22343 25743
37227 42226
19691 21510
44309 47867
39497 39686
4067 7394
7007 8179
32348 33310
19714 20496
10106 13946
2390 4889
41335 43908
29007 33219
23631 23638
19417 21508
24304 28870
3131 3251
34315 34431
41365 45438
4077 5368
43250 46969
38277 40236
39849 44784
17914 21213
13089 13402
6244 8456
29190 30518
1661 3146
12297 16004
49432 50000
11125 15900
5819 9383
33734 34218
18704 19032
24009 27985
13986 17197
30824 33963
5421 5616
21931 22743
12471 12893
32312 34894
27896 30171
48924 50000
3935 4505
1387 1681
38621 41624
16162 19391
13649 15459
21014 25930
6603 10051
43610 45907
5709 6191
32603 36911
28625 31180
43084 43102
15344 16274
16088 19942
4592 6978
1474 4009
23783 23892
26326 27345
26140 30301
35211 37839
25731 30457
27311 31688
10404 10679
40778 41753
878 5658
14514 19199
32496 36000
34425 36100
49742 49831
46239 46334
338 1440
23595 27423
30193 32042
15672 19548
2826 5028
38684 41256
15073 19141
48115 50000
41368 42827
12798 13440
43943 45704
40082 44296
26945 30207
32456 33041
36083 37024
22642 23992
2650 6089
42585 43540
37077 40383
27367 32336
32460 35330
46030 50000
778 2705
15669 16906
13976 14605
25788 30027
35251 40231
30805 34635
35549 39281
4905 6043
41494 42498
24040 24205
48775 50000
11086 14959
14097 14668
29876 32257
9488 11036
30040 30872
24075 24782
37315 40197
12877 15373
49997 50000
823 1087
31654 31916
45901 47628
16554 20306
40720 42353
41352 44317
13232 13490
7737 9235
41026 43958
46416 46760
12249 16392
2670 7632
28024 30032
36495 36603
33704 37745
22117 26935
29017 29892
34439 35922
7064 9045
47260 50000
26751 26753
21282 25062
19277 20626
8886 9205
26055 26362
18914 20629
32552 33315
45057 48399
16821 21075
15954 16501
8397 9351
49261 50000
16161 19993
21868 26867
17765 18713
34488 36364
31191 31317
36523 38371
4769 8299
32943 37002
35173 37852
27523 31398
12675 14752
49064 50000
24395 25443
14901 17744
18072 21365
49854 50000
18238 22568
33554 35256
1085 4683
45580 45755
26378 29774
36938 40646
9982 12468
3654 6309
48296 48812
48381 49005
15801 19510
4714 9535
42573 43078
41810 42946
27400 31812
39329 43364
49294 50000
8102 10247
16363 16581
45677 50000
42264 42896
24386 25037
3211 7056
42346 43992
8955 13299
28569 32793
40455 45273
11464 15438
41678 43216
14565 17658
12545 17295
42205 44016
14875 17963
40733 43881
4552 6714
24037 27920
32677 32753
31508 35734
21729 24910
12355 14217
46336 50000
2132 3915
12305 15330
14183 16443
36269 40843
920 2006
889 4924
43402 44836
33285 35932
1786 5615
23976 28407
39713 41932
32446 36848
6286 6962
23962 27495
5456 8974
9394 13425
42646 43810
49956 50000
40937 41297
10732 11001
5760 9998
15564 17636
14202 18243
7914 9716
17614 18947
29632 30025
43563 43773
44327 47606
2077 4953
48238 50000
19077 23480
22578 26137
19822 23323
33073 35330
26043 28844
20239 24565
42888 44252
30229 32016
43511 46309
32011 33648
34372 37874
17234 21586
13775 17715
44336 44364
48439 48665
19636 21670
8114 9145
20360 22023
45476 49741
10871 12305
41736 44025
37276 38469
28113 30302
34355 38575
37909 39449
42972 43356
14160 18715
21725 23491
30191 33700
12354 12795
16857 18221
1683 2267
42592 44310
14772 19368
24407 25448
21467 25879
21835 22629
31152 35449
38259 43081
42553 44238
47232 47705
43621 45255
21867 22571
4158 5862
46170 46988
31985 35920
40836 42641
1732 3971
21010 23365
16140 20292
25126 25766
16488 19073
16540 16855
18415 22189
37595 37674
20985 23925
32247 34877
26457 29174
11440 16369
11496 14843
16517 16561
8320 11735
2767 4976
41366 42939
44242 48296
33682 35376
48283 48768
33946 35341
21372 25511
49167 50000
20697 25456
14170 15914
16521 19995
32940 36303
24433 25206
44669 48321
25153 27575
41807 44177
145 3036
26315 27786
19932 23568
21259 21704
48843 50000
37017 37774
47299 49639
29498 29578
3489 5987
18034 21998
15781 16112
44909 49061
30597 34560
10351 10740
40050 42541
40762 41748
32637 34213
37591 41481
23472 25261
3088 5721
46237 50000
42061 44468
46213 50000
5046 5205
22972 24926
21835 23948
37263 41254
26438 26810
32222 35664
25071 26833
37961 42067
42594 43670
6678 10742
10538 13393
39153 40440
43791 48340
14636 18298
40967 43376
27883 29689
24643 28300
2704 3019
30484 32420
28738 31871
20189 21153
23254 28059
27749 29052
6617 10234
14653 17011
40662 45300
17365 18818
48415 50000
3359 6694
16999 21177
29247 32410
2 1944
37366 37829
35877 38488
43546 44944
2463 3175
1134 5974
38815 42046
37813 38699
1291 3498
14767 17168
20939 22483
3156 4036
18881 23782
34359 36758
44664 48407
23620 28074
46946 49374
49904 50000
23098 27853
26256 28705
39673 41045
40494 41052
19108 23354
26178 30863
43166 46040
49481 49893
13309 13595
2213 3138
48299 49514
15536 17163
13620 15993
26521 29152
45058 46178
18802 19901
12985 15259
3764 4477
25085 28091
48461 50000
8021 10921
41018 43847
16917 21196
33995 37891
32478 32492
43546 47905
1642 4682
22468 25275
10146 15043
8846 13035
23097 24452
45632 50000
42990 43146
11810 13837
26525 30095
9358 12345
39535 42696
35201 39229
31795 32352
41480 41863
8068 11157
23157 25930
15041 17489
49242 50000
30179 30193
48378 50000
44417 47497
23664 25015
14743 15590
38386 41709
48559 49847
24837 27561
13401 14585
46412 47631
19237 23360
2655 3531
10452 13609
27924 31597
35708 36101
4332 4806
14587 15075
20351 23419
11373 15376
24614 25973
7978 8424
45914 47519
25485 26853
45434 48037
5036 6395
29020 32674
9903 10396
170 1503
7594 9270
7941 8841
46239 46723
39657 43827
48373 48407
12119 12383
36060 36444
12332 12811
26270 28178
10591 14731
10350 14620
46034 50000
40086 42390
30610 32790
42244 43368
40279 45081
12533 17447
19932 23963
49196 50000
32629 35804
22473 26025
7249 8903
40312 42524
2870 7611
16337 17246
12366 14349
3910 8614
8438 12217
20323 24925
3925 5076
44766 46652
25133 29264
26421 27114
39090 39103
14227 18090
2358 7287
13744 16862
10666 15364
36175 40492
37680 42657
25204 27470
49832 50000
9473 13500
17436 17970
436 3102
32644 33877
34378 35044
12467 16724
20205 20689
21162 24194
10869 12695
44499 45400
9952 12095
48140 50000
9715 13217
29524 32421
1750 5554
47252 49783
27313 28261
21955 25987
43006 45478
45334 45675
27506 28516
38078 41397
31411 33558
15503 16050
46635 47577
22060 25705
3141 4845
19889 23113
34702 35224
33843 34304
49482 50000
11028 12868
2286 2914
2666 4730
21238 21567
29304 32149
6308 9663
11591 13426
43169 47036
35148 39095
40695 42961
7231 12104
3642 8613
6031 7730
45860 50000
16758 20821
42882 47321
31939 33424
46194 47374
8210 13157
26687 31215
37732 41180
49912 50000
44032 45911
7134 9186
9885 12755
23221 25436
3393 5666
10137 10499
19820 22096
26516 29790
28999 32077
46578 50000
26827 31322
25660 28225
45377 49469
16143 19613
30274 30680
35738 36273
49821 50000
18298 20923
47618 48713
21296 22599
6596 8247
48927 50000
15769 16049
37663 39857
16687 20048
36732 39205
36095 39929
17534 21646
2463 6252
30027 33037
33089 34813
31711 35106
22283 24134
35923 40460
49551 50000
39262 39308
23422 27446
14359 18146
27354 28587
890 4353
6767 8063
40599 44020
49245 50000
27204 28135
22444 24752
39109 40633
29631 32116
27891 32443
14966 19867
27640 27687
46809 49000
20736 22643
12332 17266
20925 21282
22940 27267
27207 30866
14501 16568
25178 27445
27589 29712
3187 7173
34421 37183
8531 11883
9967 13872
13934 17278
49251 50000
10395 14301
43290 44362
3795 8561
19699 23382
20787 21941
46133 47579
8939 11141
39157 40991
2378 3600
41972 45387
21832 22008
7631 8840
7934 9130
13275 17450
27693 30955
12963 17016
42727 45239
3920 5992
19133 23381
47000 49876
40609 45035
16418 16667
23206 25452
28005 28013
15968 17154
33047 37384
49394 50000
27750 30910
5384 8787
47589 48200
23497 26905
7917 11309
15140 19509
31378 36172
9002 12427
15492 18231
5628 7322
44021 46252
20215 21481
839 3277
6804 11222
14409 18555
18075 21982
36440 37809
49971 50000
41836 43186
24847 28151
18105 20311
41011 43437
45452 45985
20593 23754
40328 43792
28517 29958
15016 16350
34776 35930
17687 21554
44035 48593
33464 36351
38623 41764
17824 18250
47367 48780
26641 31250
43696 48387
16986 18447
5258 7576
5912 6863
37030 41390
14716 15158
19041 23378
33718 35329
35927 37326
22543 23189
40396 40950
30131 30723
1930 2677
31934 35920
29872 34203
11490 12205
45827 47339
27330 30465
11300 13587
43402 46190
20676 24974
20818 25117
12749 17427
44727 48920
37075 38916
25414 26676
43442 46951
9157 9525
32518 34862
20720 21246
26205 30779
12408 15405
13330 18038
45429 49876
16453 20145
34853 35500
17339 21978
29641 32225
33778 37993
39245 40132
3099 5556
20484 24458
38692 40895
6103 7209
428 4314
20070 21235
46875 47444
40107 43248
22745 26627
29477 30110
15582 19513
26672 27985
34266 38411
40909 43108
36695 39569
41563 43043
23372 28286
35506 35547
30722 35659
45428 50000
20456 21094
20386 23767
32535 35140
21353 25202
20944 24295
26867 28116
13745 18163
38816 42333
30673 33714
20554 23747
15201 16184
34331 36331
31417 31960
18955 22219
29760 34447
22896 26286
26911 28082
48217 49633
29098 32782
45901 48516
26666 29627
4027 8401
49298 50000
44108 44501
30554 33966
12507 14649
40880 44274
32929 35382
2581 4630
17568 22168
40520 41950
37657 39542
2801 5230
11663 14570
9497 13389
38114 38695
9664 11104
31991 35288
42942 46802
25230 27407
34081 37248
4008 5257
30105 31883
12690 17533
723 4870
27725 30398
32759 34348
13443 14384
4121 8200
7072 10886
42003 43547
46349 50000
39202 42907
16419 16934
9002 12063
34011 36066
24644 28508
45406 47664
35984 40525
17030 20950
27972 28943
17905 21744
38134 42641
2394 6511
19095 19787
25606 29535
47087 50000
43776 47936
40279 43360
31158 35453
44814 45623
23611 26729
21328 21775
20026 23154
26442 29424
40084 44786
19340 22253
48068 49595
6848 10432
21745 21933
41003 42102
9003 11496
36402 38179
35066 37750
12061 13596
31926 33854
27488 29642
40705 41098
14476 14730
14192 19019
24315 25932
24782 28252
16144 17135
3948 5153
35805 38138
33550 34241
21119 23055
13263 15016
39911 44540
5253 9371
18549 23160
48033 49388
36920 41784
47213 48236
35525 39731
31016 31413
27776 30057
5805 9638
16806 21697
193 1040
36367 41218
43538 46203
49255 49854
19841 24247
27170 31534
14064 15689
34294 34503
47469 50000
47641 50000
41824 42645
12323 16267
13331 15697
3353 8229
39267 42966
27111 27893
8117 10492
31152 33549
10006 14393
26474 27257
3559 7721
21358 24477
27301 28508
4139 6197
44621 48185
40530 45329
17354 18111
20218 20786
46626 49606
27126 30035
8802 10171
19057 20312
35631 39884
38817 40246
9527 12993
11659 12275
21616 23468
39620 40158
28317 31711
5356 6045
15568 20107
11021 15998
39549 42880
35380 36108
4161 7025
7939 11310
28412 28605
3936 4949
47320 49309
32349 36406
32995 36189
40434 41177
45241 45344
20225 21421
467 744
23795 27946
8884 11864
29819 31260
20307 23845
19129 20893
2085 5325
34563 35461
34509 34798
42285 44396
7919 8014
2825 2944
11202 13259
686 2446
33264 37146
42816 47024
46300 50000
17109 19730
2025 7023
473 1389
25198 28835
27384 31039
23715 26438
45902 47079
36136 40993
1938 4483
24423 29406
14734 14744
1304 2780
21596 26191
46958 49977
12350 16740
32755 36021
1249 2428
26796 29760
46615 50000
32925 36283
12740 14609
32527 34111
15101 19454
47030 50000
2929 6228
39299 43223
239 4763
3133 5480
33829 38779
15819 17509
773 4372
3997 4567
42071 43049
39832 43685
43743 46584
21927 22603
34623 37527
441 3384
44190 47585
38641 40618
36304 36323
11909 12861
35645 37496
22722 25225
352 2244
22465 22506
13966 16832
36101 40032
25015 27327
47394 50000
8940 9157
637 2022
42644 44519
2356 5493
48313 50000
30596 34029
18462 21044
5468 9730
19959 22848
5787 9353
1689 4205
26910 30517
44915 48274
19199 21236
13029 16212
46658 49182
25171 29238
2409 2658
14167 15443
47110 47543
31948 33931
18158 19077
7656 10822
11334 13543
42591 44078
47251 49689
11693 12302
40279 44415
35925 36942
40275 42202
13675 15756
27771 32058
10572 13409
26703 29135
43869 46068
4148 6114
42249 44006
31541 34584
31664 31804
41629 44678
22019 22160
19719 20913
7529 9437
46254 50000
8748 9514
20411 22858
31328 32815
33826 37214
11380 11770
41308 44127
29894 31085
34201 37788
29217 32416
27245 30849
18414 19806
29111 29868
31314 32205
12395 14161
21801 24738
49557 50000
46537 49511
3984 8865
20502 23584
10138 14716
21948 22506
28453 32049
1304 4963
8909 12637
6628 7406
17193 17467
35107 35454
39223 43956
9635 10618
31555 34358
38756 39036
24857 26928
28438 29307
43167 44766
22979 23309
41389 44654
42585 42795
18660 20790
22144 22666
15870 20734
33038 35810
45279 49751
22852 26767
26608 29541
3438 5216
44603 49275
2972 7653
9561 14197
44512 47598
27189 30646
40401 44291
29933 32440
36870 38598
44573 49084
22788 26228
35643 38989
28022 30300
2941 7207
36641 41184
31112 32897
47681 50000
16147 17778
23149 27051
32699 35501
2515 4181
14304 14505
32395 32663
37232 39170
43479 47789
34610 36332
29646 32627
4116 6008
44740 44965
18711 19857
146 2139
19827 23383
22349 22782
49628 50000
20697 20931
44071 44614
9462 12464
20846 21895
22356 26893
24999 29635
8486 13203
29036 31894
1802 2824
36099 36657
32515 34807
31375 34635
19146 22764
40049 44541
21535 21600
42975 45780
38471 38713
27142 30961
40542 45396
10327 13718
46684 47296
4649 8272
9706 11866
43222 47134
43311 45702
13474 15151
47620 49318
29985 32497
47032 49795
30796 35491
30872 31376
7319 11125
49331 50000
8698 10795
31965 34634
32627 37256
19497 19764
37905 42463
45707 50000
30690 32988
45131 45483
28768 29477
5052 7228
7358 9179
2906 4854
27225 32100
34538 35027
12394 15025
11788 16622
30139 32108
44993 49923
4379 6691
22672 27288
4531 6745
34462 38718
6845 8604
36868 36994
20771 21102
42223 46664
36559 37493
20942 21279
29299 33179
47000 48249
4481 7261
25898 28289
27464 28565
35478 37380
37183 38698
49638 50000
41097 41167
23999 28768
43850 48781
32435 34692
2767 3643
41878 41939
15080 18039
16562 18333
46311 46333
34113 38983
36438 40220
32544 33551
34783 37227
11879 12022
33379 38375
32653 33882
15952 18583
20817 21449
29968 31783
2469 5838
35640 37836
49595 50000
18031 20001
45045 49745
6176 9921
15342 17320
12789 17409
27125 30287
26964 30502
43021 46704
41009 44217
13271 14817
19999 24701
37284 40778
8024 8916
13621 16461
44924 48578
17148 17330
47147 50000
20821 24156
2533 4727
44557 46549
15938 19617
29875 30063
33676 36046
6165 7846
25915 30155
22982 23765
34670 35775
36558 36604
11404 14061
29080 33780
14651 15999
21907 23151
38641 39920
19220 22860
15716 17381
8115 12407
33209 34691
31642 34760
44217 45825
865 4006
23775 26844
11978 12220
12777 15174
24839 25543
12959 15509
35142 35923
25112 27892
8333 8376
41791 46404
14367 19061
48088 48818
13909 14567
44666 46900
14488 14798
12924 14247
26549 30080
39621 42743
39312 41642
34552 35163
21079 25186
25050 26080
14563 16156
22788 24179
10921 12079
9747 10556
29645 34520
22721 22872
44147 47001
2410 5363
28929 31444
33617 38080
33243 37444
38341 40881
44730 46363
41723 43079
41654 42483
134 3136
18559 21957
3668 3749
36594 40962
26641 27037
48621 50000
37496 40810
20644 24322
30679 34974
4925 9282
8447 8891
21946 26364
46122 48726
6503 9440
24685 25347
22326 24132
12979 14347
32278 35080
41739 44453
4179 8382
20685 23063
42718 46176
35429 36933
13668 17576
8223 11639
41913 44378
46873 49261
48441 50000
47724 49833
25553 27608
5320 7718
49886 50000
12519 15225
11875 12461
24170 27731
41544 46261
26619 27629
27789 30188
35860 38102
643 3205
31918 35450
21715 26494
17866 18539
33934 35873
37824 38727
5001 6161
24248 26317
10403 11986
48573 49777
31859 33121
8817 9852
17542 19158
17437 21976
31330 34775
36071 39198
4067 8331
27348 30273
750 2930
47100 48511
30059 31127
35341 39529
351 2999
1222 3288
38926 43280
1850 5472
21807 22467
39938 41766
41175 46147
44846 47074
638 719
28213 30390
9132 13525
21223 22920
41825 43458
32124 34041
5173 8758
12831 15589
42927 47433
45969 49955
40059 42261
29660 32675
35876 39892
16682 19435
43531 46372
12697 13613
49967 50000
42638 44311
34416 36281
21798 26386
7428 10310
39093 43609
34395 36659
32251 36186
43176 44732
19366 24281
19588 21928
32677 33011
20343 24070
46042 46743
41206 45256
9941 14938
43935 48097
48104 50000
43167 43890
22055 24213
37533 38294
41414 41706
42315 44850
41181 41847
5509 9595
37834 42768
2723 4517
44644 47880
37582 38097
32069 34462
36160 40085
12327 16951
44017 44316
37546 40174
17163 20667
49550 50000
10545 15172
35359 38757
36813 38700
15528 16853
44342 48578
1113 1421
908 3779
8501 12185
26831 28991
25763 27655
14657 19596
407 2793
6317 9912
17076 21800
34022 36448
25476 28617
30066 34598
41873 44975
31728 33966
20409 23451
23583 25689
43307 45538
27662 31959
19478 21156
48777 50000
42115 43087
19843 21286
35853 40322
20373 23927
30636 34903
7233 8887
35282 40034
36875 40343
32243 34556
15847 17017
37088 39832
20630 24647
4527 6120
6408 7122
25325 29824
4632 7056
5657 5872
1609 6316
9017 11262
45722 48893
22511 24012
10358 11115
19331 23163
21651 24479
2419 2468
28131 30684
14495 16801
21777 25494
44648 49099
29409 34219
12183 13666
9810 12872
3510 7049
36363 36491
13619 18583
47661 50000
49546 50000
39452 41245
16823 18403
34402 37541
33592 38585
34106 38783
22644 25317
48412 48847
34370 38498
6724 11070
6937 9611
48533 49697
16481 21174
44395 48477
49407 50000
35272 39872
8419 9274
13989 16190
695 4372
34489 37589
2767 7702
31737 34489
4041 4988
12832 15321
121 937
37572 41585
23754 26833
7768 10477
3213 4954
11538 11586
37063 41809
42648 47534
39212 43558
30806 35731
8668 9964
29978 30766
17280 20192
39907 41287
48024 50000
25606 25755
43889 45936
9171 11648
1527 3851
18613 22220
28209 31305
14409 17192
34336 38297
34961 35849
41433 46407
9668 13404
176 3001
6576 11531
2184 6753
7087 10256
36809 38750
14819 19765
45470 50000
13245 17945
22409 25694
44436 48122
42690 43077
13624 15585
24661 27124
49678 50000
30215 33757
45351 47432
15190 17910
21220 24149
5958 7299
28225 28461
40487 44154
45022 46417
42354 45996
17680 18926
20456 23926
32522 35866
30906 31874
36651 38785
40580 44340
6354 10383
27340 27886
27633 31173
49205 50000
38187 42631
25234 25501
8442 9841
15350 15663
37260 41132
40823 43872
40069 42046
26719 30355
42656 45818
22085 25392
23013 25683
17483 21022
35288 35437
33907 35563
8171 10313
4054 6131
21279 23704
4314 5952
31505 34395
24735 26214
45128 47392
14196 15216
12929 15348
10457 13542
24400 26323
12311 13313
34950 35332
40559 44873
11647 13853
16113 17610
45569 48638
3034 3372
24240 28239
12749 16471
47494 49841
34195 37109
29634 34079
8138 11610
42354 45827
28012 28095
1018 3932
3000 7960
49634 50000
18423 21137
12924 13988
42733 43254
13381 17955
11111 11678
26592 26626
31708 31934
30729 34393
28472 31259
42197 43501
7714 10385
6642 8641
36617 41060
41636 45120
2988 6995
44486 44651
20652 21757
36558 39952
43952 47137
87 2942
19304 21240
32614 34629
40784 42545
24221 24661
39202 42768
16010 18653
10550 14308
18561 18636
1540 2335
38832 43253
37954 39942
12937 13822
4469 9415
19237 22437
27511 29851
19810 23153
46784 49214
24691 27887
48889 50000
28009 30803
24421 28639
44922 47550
28398 28761
26388 28120
13875 16619
41903 44084
19574 20247
2178 3448
31566 35047
17833 21134
12768 13039
37419 40730
49699 50000
4112 6218
38152 42639
34105 37628
13181 15785
341 3098
14015 16925
44581 48640
33628 35428
5171 9077
39288 41223
35279 38720
24814 29503
9377 10831
33121 38068
29452 31766
10627 10857
38428 41905
10995 14600
45832 46523
6618 6840
40633 45265
14072 14360
6783 10073
19602 21532
30546 34409
18996 23314
15876 20394
30798 34054
38290 40955
31826 34154
6790 7465
8131 10753
30372 33338
21297 21653
10340 14256
45235 47638
18139 21149
32468 34875
4856 8795
28504 32721
10675 14002
1050 5691
39412 41636
6095 7118
34136 37766
41099 45738
4233 5455
23147 23341
11205 11713
35577 37578
24285 27192
44066 48552
11662 16607
43135 46499
34634 37566
44608 46339
41898 45441
45489 49098
12515 14219
3538 4079
22661 27150
42844 42854
27714 31181
38347 41477
45733 46075
34114 36226
13825 16437
17010 18934
45706 48422
17500 18995
49920 50000
5126 5840
26724 30098
15068 15262
40082 40835
46374 48011
43945 44430
39729 43165
35927 36654
22020 26611
47927 49015
11636 16635
30401 35012
25093 27638
32631 35469
18255 23054
17725 18616
696 1317
36867 36982
14113 16492
29638 34014
35927 40859
19698 21976
29424 31376
47299 50000
44100 45197
17109 21437
5908 7398
44577 46386
12936 15707
1178 2128
13159 13870
7252 10399
39961 44613
24389 25911
15324 18912
46012 46269
17457 19469
41578 41797
23859 24479
23011 25529
20815 25235
48679 50000
40160 44804
39714 44593
4012 8628
38197 40426
28269 30912
21895 23116
39248 43902
6248 9467
21410 23693
8804 10267
9357 12422
12420 16117
39700 44244
21012 24474
14530 17597
21171 21420
20785 25316
5997 8963
34189 37452
11826 14265
20975 21664
20054 24608
12228 13566
20969 21771
27028 27419
39047 39385
42731 47408
17 1371
11881 14990
42200 46878
44458 49145
1251 3348
31086 35284
43953 44516
34424 37427
9587 10995
33064 35206
21505 26039
45760 47175
43957 45491
6580 8568
45956 47969
22249 27099
43912 44390
25176 29620
2396 5330
20923 24193
41283 41392
40478 41685
18452 21802
7541 8911
49356 50000
32752 34954
3684 3920
36196 40630
337 3443
30363 33562
31232 36136
32761 36485
2083 6851
16615 18229
16595 17506
44311 45656
14104 14513
48092 50000
19469 19716
2951 6971
45606 48722
121 2077
27416 27717
48711 50000
39075 40444
7817 9919
11738 13983
25312 29087
16650 21205
16270 20504
8171 10876
20983 21009
37501 40782
6580 11498
47190 47941
49177 50000
43600 46192
19316 19493
26508 27970
12984 15236
6491 8863
24670 25711
23114 25258
45265 45604
43658 44724
5538 8163
4995 8956
1736 4918
42224 45609
10718 11610
16083 16175
8047 12489
36253 39378
30566 34851
48244 49048
28658 31812
44345 44402
1466 1669
9345 14095
46365 49004
29115 29216
29470 30897
33423 37803
39050 39693
15542 19783
44707 46917
13914 18256
49250 50000
20634 21980
1537 4627
26267 29161
9259 10389
39521 41978
36974 40736
45560 47858
4248 5631
4419 8781
23100 26293
11595 13974
14643 18772
13577 14294
43331 47593
38477 41072
47134 49492
31323 35277
6571 11464
7857 11517
1804 2240
32374 36807
19833 24824
17986 18140
2770 5061
13172 15452
30329 32756
11677 16301
41661 45881
31244 35448
16882 19247
25013 26946
11814 15638
22971 27815
42704 43274
38761 40201
36715 38862
44993 49437
30034 34061
16796 19617
46056 48909
36143 36604
1721 5175
1344 3188
46344 50000
13127 15466
33793 34059
1072 1753
35469 38061
20183 24905
21805 25010
5935 9498
43079 45209
9456 12692
31588 34953
28709 29008
15136 20032
49214 50000
42761 47178
10622 10662
24476 28173
40260 42886
21776 24214
21165 22751
2206 5614
21802 26449
11548 15932
23789 23937
15009 17839
33433 34191
30239 34131
20620 22741
33025 35347
25953 26655
9619 10612
7697 8509
6330 7785
4042 4636
14963 15827
36558 38469
8032 11756
37937 38648
32905 37435
43576 48060
40255 40327
3848 5380
12311 13690
36455 38633
12511 14238
14934 15373
1672 5433
3826 4028
42343 43275
27916 32695
15567 15939
17080 17938
39235 41508
7419 9047
23359 26644
14384 16306
31395 32762
41716 43518
37797 39508
5307 6580
28092 33008
41362 42399
23638 27282
719 1028
43104 46678
18851 22812
43051 47777
3491 8467
10067 11649
46969 48931
3522 5350
7424 8207
28912 29378
29121 30058
38664 43237
26108 26517
28262 32433
11370 15277
34565 37120
10847 11013
2079 3535
46193 48160
10536 11878
22375 24950
15020 18940
19000 21233
1710 3214
30825 32038
10629 11560
12560 16994
18644 21158
36261 37967
32320 36373
27539 28471
25691 26074
20075 21947
47407 50000
9276 9768
49508 50000
6995 9826
10236 10817
44422 46331
18374 21385
10778 11498
39870 42385
44979 45918
23853 26018
43382 47627
12451 12521
134 467
12068 14304
21192 21880
6494 11247
16762 17183
13166 13249
28194 32420
26708 28399
6770 6819
13997 14570
8418 11177
6240 10932
15639 15648
9439 11755
10873 12349
18625 19806
38581 38591
1421 5604
19496 24336
41543 46077
49765 50000
33199 37537
46724 48339
45858 50000
49981 50000
28566 28998
40577 40947
43082 46803
2033 4204
31731 32422
2098 4436
27300 28546
34035 35030
45729 47964
20079 22034
