2415 54
6812 8783
17543 21203
40656 44887
4838 4929
46643 49510
32054 32243
21535 22381
38107 39915
20046 23638
34315 34822
8074 12184
47200 48795
20944 21604
1764 2315
50 1390
36491 40212
47590 49567
43723 44432
48101 50000
11133 14296
2203 6756
6673 9943
25559 28460
22845 25911
14504 15900
35817 37557
20695 23690
6878 8918
47305 50000
38136 38376
15752 19111
39766 44541
32718 35165
29567 30006
17319 17749
16873 19469
32263 36737
14876 15850
17134 18648
10795 13373
18585 21316
40997 43465
19613 21843
4361 8212
15741 16491
39918 43026
44769 46992
26677 29061
34446 38571
22443 25785
13582 18425
7905 10582
28226 28774
16352 16486
34470 38995
33644 35506
14183 15897
2554 4138
47047 47736
9397 10667
22469 27020
43022 43346
10599 13407
36273 39437
48969 50000
13993 15225
12244 14775
48006 50000
31920 33538
27370 30760
10891 11736
11101 12582
16906 17422
30421 34622
4424 5224
22737 23296
16087 18678
12825 16689
13576 16867
17657 22539
33179 33312
8914 12601
19587 21000
47337 50000
31546 35286
29389 32184
44863 45522
43268 44412
3779 4773
32819 34240
21627 25323
20209 20210
16888 19304
45511 45966
12451 16133
8998 13841
32470 34062
32129 32255
32359 33512
34634 36278
46585 48243
34810 36657
49767 50000
14121 17909
38171 40691
10630 10829
12343 13835
3833 4333
19676 23470
23651 25242
3856 7438
11603 16019
45249 46030
31332 35953
30347 30376
414 1632
46987 47425
25055 29796
43887 46864
46005 48355
11200 11574
48790 49117
31904 34592
39273 40303
13571 18132
6225 11138
49047 50000
48966 50000
49412 50000
668 1799
48532 50000
47094 48790
33005 36108
22705 23875
11228 12339
39087 41499
48515 50000
24528 28244
22675 24797
25078 28845
37693 40724
18377 20984
21616 24996
5102 5133
6362 11067
37819 40634
7689 12398
24215 25978
36305 40454
20621 23812
34525 39397
14980 17730
36904 37260
19621 22856
32388 33529
39416 42280
19873 23541
11148 14424
47890 50000
22564 23088
31 3824
8537 13170
22089 24327
14894 15257
19783 22640
6420 7483
48969 50000
23229 27917
12898 13064
41617 45551
33717 38557
47694 48329
14365 17168
38273 39176
25264 27679
15971 19729
44115 47429
29038 29788
19620 21770
4873 6690
31746 36126
22058 22283
29824 32216
26089 30497
47407 48599
34765 38836
24579 29211
24297 29057
40519 42442
30450 30646
30219 31480
39976 43062
17777 20197
47672 50000
23971 27366
17087 21412
38691 38720
2033 3156
33245 33272
38898 43138
38833 39689
45193 47481
34011 35055
17143 19918
1119 5054
13732 16654
13369 15366
41628 41911
2856 3955
27400 30924
18487 20804
23303 25013
17686 20975
17557 20089
983 1107
49722 50000
9033 13998
24050 26856
5791 8197
34729 35883
36182 39656
34471 36912
19925 21920
14475 17936
21763 22346
32528 37380
23141 24920
7889 10063
17256 20991
6837 10302
40529 45528
14503 19005
12211 13368
46603 49105
4806 6288
41839 45216
7474 10044
17287 18098
24250 28397
38658 43420
9241 13940
35590 37380
15001 16305
48341 50000
39085 41000
14938 15702
33079 34002
38369 41220
26588 26837
3837 8472
19270 20595
33765 36084
38801 41232
40946 44625
15591 15983
38266 41814
47734 50000
39033 41140
39405 42110
27793 29851
31013 32599
45839 48816
19947 24155
33221 34550
35120 39337
27184 31802
3672 8272
14901 19191
21654 26248
28688 29896
27073 31899
1685 6048
37338 40446
523 1945
36331 38244
5198 9413
44087 45062
34131 34481
34950 35594
48302 50000
35813 36335
27235 32099
11696 13910
4663 6159
9092 9834
18500 22771
10834 15146
45860 48180
47913 48739
48286 50000
16384 17102
4599 7221
16101 16413
10680 12520
33135 33347
7746 10477
21003 25361
44900 44976
17675 21459
48825 50000
9928 12242
47424 50000
6587 10088
34786 37347
49362 50000
23397 24346
37077 39958
7896 8473
19193 20206
24234 28178
39922 40261
5116 5328
26486 30341
5756 9177
5959 5969
45845 45856
34022 37413
13887 18319
6914 9949
32520 37489
12941 14485
10253 10746
6939 11777
38698 42688
40845 41658
14226 14244
11648 14034
39815 43347
44265 45137
42509 42800
17045 20344
13846 18467
7563 10742
8397 9625
22577 24648
42221 46199
31414 33219
37292 41314
43167 46326
19573 22542
4221 7901
2833 2917
36875 40555
39506 41203
34142 34920
13244 14561
29669 30367
27774 31413
2001 4887
11115 11850
13027 13970
48051 48525
21618 25361
47050 47130
47280 48517
9382 13400
8091 9209
10343 12297
365 2434
17241 21174
13297 16479
45834 50000
756 1345
4523 6287
35243 39668
13903 14657
45710 50000
4169 5328
3632 3686
36894 38443
9489 12455
20274 21803
9907 13993
28156 28958
24663 28829
24119 27073
14129 16510
23274 24754
13106 14724
7440 10701
45550 48953
23419 25568
12619 16647
12800 15509
34854 39696
5275 7701
47056 50000
7342 9722
38723 41813
28443 32596
18745 19103
37080 41127
37150 41126
2996 4981
27711 31905
15209 18841
27643 32121
35009 39311
3875 8381
38866 39026
40432 44268
1578 5538
25348 25479
6344 7801
695 3227
2595 3931
16829 21427
41711 44722
39554 41089
28820 33460
18474 18922
32790 32873
15655 17745
46042 49492
10792 14398
19656 24044
8473 9415
34471 36029
20132 23765
48104 49987
5624 5710
5558 5665
30030 33532
6055 8395
48129 50000
1907 3921
3689 7298
47891 49650
29208 29450
41193 44861
8241 10903
38256 42087
47116 49343
9650 10073
2657 2858
6018 8499
22824 24166
49462 50000
35399 36045
1851 6750
15894 20663
26962 28304
46394 49554
44664 45265
30459 33578
2104 5825
33695 36154
1526 2250
25802 27068
23730 27161
3429 6435
46357 50000
44284 45656
25762 28698
38836 42481
14296 15942
40560 42793
30448 32536
48779 50000
28500 32273
30730 35322
41469 43018
26479 28081
2307 5630
42310 44516
29079 31373
10494 11141
1385 2378
14428 17537
17776 18378
35337 36227
41665 46525
43678 45391
25977 29692
45732 46338
28296 32088
31628 33997
27404 30522
14756 19665
10088 10505
6515 10558
38176 38644
28329 29845
18853 21045
25462 26512
49503 50000
29743 30505
15884 16898
36943 40580
25855 29642
171 2987
35528 36663
30246 34671
28503 28958
22191 22715
25227 26160
33683 34098
19549 19597
47053 48818
4360 8384
23297 28070
14713 15860
39042 41088
10915 14310
36293 37422
41826 44025
439 1385
3293 6028
946 5141
43196 47827
34920 36677
9948 11598
11621 15639
7414 11265
27405 28106
25763 29835
31519 36265
14832 17466
45781 47744
43365 44276
7760 9360
43592 46848
3403 4886
43646 44782
29738 29873
22128 25384
20120 24900
24279 27226
19208 22256
34076 34665
15183 17155
13661 17717
47767 50000
879 2257
43621 45617
45606 47696
30469 31680
32717 33794
12836 13069
35404 37914
46010 46853
16022 19588
42395 45196
45090 47145
12551 14304
24214 29131
14648 16447
36364 38533
24530 25888
45768 47051
43127 47266
35156 37820
38362 41411
15581 15702
30537 35093
44567 48300
10875 11339
3363 7332
21983 25924
31508 32858
49160 49683
47270 48244
17668 18799
40572 44517
27644 29287
16715 20911
40080 40462
32645 32871
7590 8332
46327 48689
20378 23194
27466 27812
3796 6427
723 918
49724 50000
45776 50000
17186 18378
46288 47747
740 5445
11860 15602
400 3424
15516 18719
11945 14594
23176 23817
6892 7992
18437 20791
1534 4536
23768 25612
41769 45622
42953 45606
18534 21994
19181 23518
9024 12965
15873 19466
23996 24874
10516 11675
32418 33786
40971 42443
3832 5598
32637 36361
49110 50000
48663 49744
17970 22435
28559 30558
2981 5308
7483 9394
19437 21799
13018 13414
28760 32149
12313 14592
26470 26777
14053 14953
26810 30346
44916 47433
7445 11407
20895 20903
31089 34461
49929 50000
24431 24451
46484 50000
33785 35778
12793 15607
3674 4051
48999 50000
35517 39505
16204 20305
17189 20416
21507 22280
15893 18174
15639 17602
41086 45872
21292 25546
8609 9458
27982 29394
26663 29418
4996 8638
21846 22495
45897 47709
17513 20449
5617 6614
19927 21707
728 3815
41202 43295
37216 38252
19273 21328
6679 8582
9765 10398
37766 41512
38230 41051
48390 50000
49062 50000
28919 31272
5566 9173
41530 45979
13744 16750
1553 6257
8563 10767
26628 27256
37914 40862
38585 41166
28723 32812
4059 5489
35319 39461
26019 30051
40897 44922
19606 24352
26353 27358
9645 11719
46001 47797
20919 24868
13507 14090
26043 26514
8053 11364
2642 4335
7502 8234
20930 21313
26475 28832
33459 35011
43702 46405
28112 30530
20847 25227
38242 40503
17604 21935
16193 20213
32920 33765
10803 11808
49127 49542
411 2224
30842 35622
28569 32741
27791 29422
47811 50000
37656 40840
23524 23614
23818 24442
36293 37304
7169 11017
39354 39741
29709 34476
3610 4167
2373 3525
31777 35914
388 2927
9562 13821
26227 27356
42042 43958
21169 21877
44686 46130
7273 8450
12142 13554
1649 3550
24321 26538
37808 40018
31769 36671
10704 13766
49297 50000
26308 27128
22620 25419
13416 18201
5054 8331
27324 30446
30124 31933
35991 38664
25605 26691
45986 46623
21486 23693
49346 49882
16580 18164
22477 25847
15287 18941
6548 9467
36011 39458
31178 33780
20533 22256
15454 19350
18879 22712
15282 16742
13799 16265
48924 49145
6128 9672
43940 47793
23680 25007
49670 50000
3338 4509
22966 23391
15380 15625
11794 15183
28168 32834
44413 47350
87 605
44307 45807
34802 38807
32376 33811
29587 31848
34058 38510
24239 24764
27717 30161
36311 37712
46765 47747
27148 30850
3309 3663
38865 39817
46422 50000
33439 34158
273 4296
22689 26368
11958 14006
23616 26675
3540 8237
31545 33107
8827 10067
19325 23956
34279 36229
45048 49090
39585 40310
42882 43330
20689 21903
3425 5557
24131 27084
25921 26827
35037 35704
3806 8421
14162 17356
32206 32940
38845 40447
39608 43922
47651 49602
41919 44890
49156 50000
48762 50000
7779 12150
29606 30900
31180 35377
12291 13860
14185 16242
6271 7369
278 3238
36859 37985
16445 20812
36922 38472
22596 24120
9060 9767
19954 20852
8486 11060
46835 50000
6004 8592
1624 5886
18680 21393
35834 38586
11736 13639
46046 48917
44615 46511
13766 16000
23682 28670
26275 30530
48638 50000
46060 49003
34341 36083
35058 36642
9571 13860
8444 13076
20179 22957
30375 32550
38472 38846
30570 35436
2167 5052
29506 31611
14689 19638
36114 39108
16180 18053
26786 27743
14948 15194
2229 3707
42650 44941
14651 15790
21060 22339
24718 26120
47271 50000
3025 4493
21524 23823
19434 21351
12592 16865
10272 13768
47025 49771
12025 15723
26636 27983
43928 44425
3171 3321
11509 13331
2072 4927
44253 44787
19837 23565
13411 17898
46830 47493
30123 30172
35602 35934
33617 35364
20587 24640
45108 50000
29866 33924
7963 9339
7309 10514
23555 25227
27958 32548
18515 22713
11110 15833
22321 23346
20379 22231
39873 44372
4925 5603
14920 15666
44173 45344
26695 29623
9119 13138
25929 28800
18461 23364
1152 4586
29421 30678
28662 30388
33615 34027
22297 26860
39137 41385
46276 50000
48228 48781
23184 25505
28076 32710
435 764
14803 17950
14540 18355
19355 24353
23690 25813
41548 44066
39516 41333
33514 36799
39158 40292
34291 39096
18624 21268
42016 43979
40097 43048
21706 25988
25665 27002
7730 7869
40499 42856
40746 43600
36485 39700
25084 26423
29094 29306
40609 42399
32999 33102
37779 39477
42780 45766
4126 5322
12475 15140
237 3024
24303 24315
11284 15105
32752 35059
37575 40907
41598 41685
44574 49541
14610 18343
32162 32174
16819 19458
11342 15946
8824 9281
17198 17887
39522 42537
27588 27623
8860 9994
2801 6174
40590 43119
46787 48485
899 2854
40047 41166
6250 7815
48908 50000
3560 7298
28592 30645
35677 36723
8662 11793
15449 15908
285 2220
15276 15974
49344 50000
3889 8429
19661 22814
37815 39696
11479 12095
26926 30544
42788 43173
30644 35418
37144 40208
38422 40615
265 1558
5412 9672
6811 9284
32670 36977
25189 27088
32490 33412
12079 15189
8972 10331
18739 20909
39707 41940
22197 25594
38726 43580
29266 30134
7845 11671
30540 30822
17868 21535
5933 6408
12429 15471
20806 25570
3171 6874
10371 11272
9276 12540
34182 34443
26928 28461
25490 26598
34036 38201
605 1617
23291 26109
13257 15609
2586 5370
27330 30558
19169 20694
16763 17135
26610 26797
7770 10671
16031 20834
20702 22009
31358 33078
6915 8704
42132 47130
31517 35482
34895 37464
36011 37854
21575 26245
19623 24293
39739 44095
28848 31956
11502 11620
805 1104
23695 23964
30311 31112
17181 19081
23492 27210
14901 16399
14974 17877
23538 24704
22345 22496
42245 46832
26876 30342
14576 15406
15149 15961
30981 33296
20651 23170
44057 46227
29364 33787
36629 39055
13471 13526
47562 48585
27305 28044
1409 5760
40103 41643
25276 29870
44012 44790
13192 16935
31566 34505
38960 40798
41898 45685
24675 27665
6808 8968
30071 34222
450 1942
25323 27984
8702 13149
24640 24947
32433 35920
22406 27127
2285 5942
563 4816
45436 46234
49922 49928
39496 44389
34426 37377
14485 17532
7724 10102
32985 33047
43165 47030
45485 49477
41413 41978
33286 34801
43135 44456
20774 22830
28884 31316
13241 15443
17423 19003
19820 22696
18416 20325
36667 37493
437 764
4904 7631
10648 13380
8424 12286
12968 13467
36431 37263
26067 30827
35238 39458
28036 29026
4809 5560
32653 34513
13435 14673
17358 21740
12916 13551
41730 42922
14954 19135
38994 43887
12764 17502
29838 31719
26296 28519
40336 42142
30571 33171
19567 24417
15596 18490
42973 45063
8264 11333
49938 50000
18789 20754
47193 48020
9338 10349
9878 13740
21947 23906
28906 32677
40269 40603
182 4122
26145 29725
45047 46882
45916 47628
35067 39083
3808 5169
43925 47602
29082 33059
936 2170
18146 18737
35675 39684
5200 8937
4917 6322
19020 23894
2335 5022
37687 40771
13550 14842
4078 5676
2431 5636
28410 33046
6890 7968
10205 13073
44600 47909
7859 8184
35251 39404
36460 40904
48142 50000
32417 32856
14106 14916
16914 21253
29787 31936
15265 17892
34574 38658
46893 48809
39193 39201
29622 34013
12594 15462
7777 11142
46231 47443
18381 23226
8754 11710
27013 28954
26434 29728
13030 15216
34323 39215
37190 39672
8505 10273
27123 30538
7123 8562
21280 22899
16072 17508
41944 42059
19205 20244
45010 48037
41865 44080
39325 43108
6729 11638
15429 18809
3518 8377
29256 30536
41312 43537
19624 21100
9945 11561
4130 7011
2190 4419
35472 37927
47512 48455
13579 17860
18592 19875
5631 8856
40569 40615
41437 43312
1669 3218
33051 37516
6935 7037
21953 24294
21020 24956
38544 41209
4213 6439
14901 19102
32108 36547
38481 41842
10339 15225
29992 33439
1900 5975
44512 46281
39316 41428
27132 30678
31925 33158
13028 17573
44567 49278
6803 7079
33362 33609
47003 47630
48990 50000
47378 50000
29915 32340
18654 19025
45053 47165
30387 30518
35977 37354
48923 50000
31973 31978
21044 23666
27192 28158
29460 32377
660 1066
99 909
3745 3896
26853 29056
33371 37899
22879 26923
24044 26458
44961 45544
10209 13566
48702 50000
10263 10481
35871 37172
4741 8356
40381 40694
15662 16617
18970 19502
40007 43903
8800 12740
30473 30967
7234 9806
26161 28730
21215 24782
3232 4115
6042 6121
22786 24628
42651 44875
7558 7924
18994 22816
23504 26277
9936 14804
8827 8988
22679 26465
19925 21924
41622 42003
19641 21451
42785 46183
37611 38106
49021 50000
39408 43306
7558 11519
7932 9032
28822 30235
17436 18247
46355 48423
8697 12937
37886 42064
32602 32913
35120 40099
775 5681
20035 23571
12039 15746
9669 11873
20393 24559
45818 50000
37903 38466
48399 50000
42118 45181
32669 34049
33131 35800
33970 35716
6518 7911
27699 29358
1330 2609
31528 35123
28096 29246
28874 33633
35886 40179
5519 7566
4969 6134
31857 34160
1074 1573
32088 35067
17941 19608
24024 27982
26985 27894
1508 2340
15764 16346
5783 8932
19305 19918
14675 16324
29705 30859
30044 33286
41052 43544
16268 16551
10933 14187
8782 10152
15976 19553
39142 42820
27600 30784
36414 41010
42986 46825
44743 47762
662 4332
49596 50000
8689 12871
33270 36951
7422 12087
35242 36865
30065 30929
80 961
22064 26480
40471 41781
30906 34732
16300 16456
35425 36280
2933 3677
35409 36817
44313 45652
44339 49290
25135 27059
6051 8168
8653 10650
622 4013
135 179
31478 35787
38559 40141
33860 38330
986 1309
13453 17760
11596 13071
34110 34565
49898 50000
5249 6680
33322 34952
4867 5225
31671 36024
22429 23023
30461 31348
24504 24994
1530 5216
5535 6776
39031 42835
47853 49160
17705 20246
10152 13457
20718 22825
43672 44268
27940 30455
39659 42104
7548 8972
43848 44742
8831 13042
44666 45759
13225 18037
8784 11675
33615 34163
9190 11239
18377 18820
49142 50000
14269 17599
19890 23638
43927 47905
17680 18416
11507 15884
7716 10206
30301 31476
47328 47582
33472 37943
27874 31195
43927 47189
28718 30048
49861 50000
29413 33909
7306 11790
24337 27521
32807 36198
34261 35898
35237 39733
32472 34800
15730 16909
15468 18718
16184 16915
13543 18256
16368 18785
10720 14687
40010 44927
12754 14058
6197 10551
3777 6488
39184 41066
49912 50000
33062 35293
27766 28803
15728 18552
34225 38264
24008 28043
31862 32271
26109 28819
4385 8379
41184 43164
5328 8604
46387 49909
967 5320
37441 41403
28711 31194
21616 22632
6371 10539
4210 6086
18002 20124
38438 40604
20321 24449
46217 46542
16607 17843
1938 3694
33748 37585
24336 24580
49026 49682
20036 23012
40361 43814
22469 24740
5079 7824
44207 48694
29058 33784
27323 30235
24604 26475
5879 9306
5833 7909
25257 29794
25612 28327
344 3296
31343 33565
14742 17662
4846 6532
46473 50000
11211 13711
19325 23544
49780 50000
44007 47948
35986 36904
7090 7594
22931 24982
18312 20720
15067 18121
31633 33888
34964 35402
44046 45514
36481 39988
48731 50000
34984 36259
11543 12840
2811 5002
23920 28170
40144 41573
48182 50000
29832 34597
47819 49679
36619 39915
20484 20892
48706 50000
23031 27844
18288 21721
44649 45885
33471 36726
12931 17447
18959 19139
9923 10428
12937 13389
28690 31745
34522 36293
24197 26455
46380 48205
2056 3774
13965 14704
2265 6702
21212 23108
3472 5979
13654 16603
19844 23994
12765 13417
54 390
20940 24628
39646 41311
32823 37209
42857 45265
28761 32012
15049 16228
46283 48209
25242 29872
24864 29570
32832 36309
459 4100
25654 28187
34322 38358
46008 46532
23983 27346
42651 43976
13473 15178
48734 49574
28149 30747
11513 15416
16376 17767
2409 4583
32567 35177
14994 19586
38388 41531
31244 33729
17167 20729
45080 45891
46456 47369
5778 7674
40141 40986
12336 14274
30854 35734
22445 27007
47169 50000
24383 25850
14201 16664
6484 7881
39080 39698
10327 15218
28844 29000
33718 34252
5015 9476
40834 43917
13640 16392
14006 14719
15536 17287
7495 8406
42331 44295
47567 50000
39926 40511
5266 7447
35945 38993
21058 24557
30068 33573
27574 28774
46167 47533
3158 3168
39693 41532
31118 34277
49467 50000
2220 5458
48135 50000
41312 44277
22074 24359
8667 10640
6975 9551
9960 11275
466 2523
11956 12010
28972 29760
22882 23901
9334 10034
15920 20859
33816 34595
35286 36025
3056 3152
23900 25936
41684 44243
44234 47900
35339 39153
17961 20224
12002 13347
36338 38729
21993 26926
14835 18121
32200 32896
12483 12548
13819 18557
34194 37311
4391 4444
7628 9022
3455 6254
49094 50000
32535 32572
5843 6913
4562 5764
14156 15770
6311 11259
43055 43916
9988 10897
12032 12682
24309 25952
49082 50000
5746 9529
14793 14970
10322 10559
44354 48931
48637 50000
28915 31165
26342 31005
31661 31858
15828 19138
48532 50000
24670 27625
18066 21352
42702 46079
46925 47691
18813 19048
10353 11650
22691 23956
37990 40351
26713 27156
48899 50000
6335 7097
14491 15450
22876 26455
23282 24598
34170 37810
31133 31266
298 1473
41675 46134
4851 5231
39636 43432
2099 7035
16785 20559
42479 43100
27195 31232
42484 43528
46857 50000
26018 30255
24087 25350
12631 16084
43370 45895
281 2097
27057 31616
49578 50000
32232 35777
26982 27742
8542 12443
39850 42917
48634 50000
13883 14186
22758 23056
40632 40844
18829 18854
40615 44705
40025 43391
4980 8429
27336 30409
7295 7786
17255 17461
41521 41886
49278 50000
2495 4487
29511 32641
9579 10687
33823 37543
16359 18704
45466 47033
4125 7941
23660 26018
43998 47771
38295 42574
35934 37676
36932 37668
35951 36869
13224 15316
9351 9408
10127 11506
30525 33824
26047 30929
21733 24427
48640 50000
8977 9855
36694 40582
124 946
40297 41641
22302 23343
3672 4310
25547 26421
41037 42219
29906 34720
4344 4407
24322 24810
42043 42679
12002 14686
12946 13741
4402 5254
17522 20354
18230 18338
29650 31350
3379 7579
16760 18486
43748 45989
48874 50000
10395 10714
22480 22774
30476 32475
13435 13892
10405 11826
7341 10210
43919 45753
28726 29380
5313 9414
34495 37700
20721 22802
40011 41423
45554 47908
29396 31590
41715 43283
12465 14088
14275 16028
13696 18584
37312 39005
48718 50000
36226 39773
27140 28710
10506 10952
48958 50000
37144 37465
26942 29515
45512 50000
21507 22571
39635 41036
42045 43192
27075 27831
7584 9596
38608 41189
16156 20416
10362 15256
22586 23797
28038 28169
36076 39645
21908 26351
46437 49233
43086 46495
29510 34413
13682 14267
2828 4628
33439 35969
17179 21983
33730 34974
43270 44038
13283 15302
37400 38863
34776 38999
158 1044
7840 8493
30630 34651
19253 20979
2317 6458
46845 49556
42920 44067
33920 35120
3591 8258
35951 39954
34838 37303
11327 15147
98 1450
7061 9391
42990 44916
24382 25343
18546 20697
17611 21155
39598 40139
47617 48038
28900 30013
17304 17714
23170 23474
9855 14200
8070 11342
32462 35853
22399 22697
44892 46291
15644 17783
200 5013
17675 20009
40757 43508
15764 19658
27142 27806
32810 35178
40901 41828
37682 38715
25828 30266
23432 23574
44330 47596
19543 22531
4645 8506
16978 20267
6808 9441
18686 22944
49505 50000
3355 6340
18232 21164
48646 50000
27106 31287
13557 16652
42190 44664
32445 33343
43118 46518
35689 40383
26863 27385
5411 6764
10962 13167
43674 48100
47784 50000
47890 48774
7163 9224
14260 17092
31954 34140
46142 47099
33051 35353
1183 4660
19026 19145
45240 47292
44534 49208
46667 48281
7766 12285
22314 25169
7678 11120
37260 37300
42751 44817
37434 37592
45365 50000
28785 29704
26467 29545
22563 22985
342 4233
28061 28923
8595 13439
36469 36702
29511 29999
35660 37753
22642 23357
9603 14343
42739 43383
46176 46447
32490 37016
36393 38965
11819 15511
20734 23996
23416 25255
16937 21695
25482 27645
13268 13861
48781 50000
24960 29317
34675 38291
49149 50000
4200 6006
41813 44439
39080 39687
28654 31538
27765 32339
33814 35153
12564 16520
41308 43732
29864 33661
22904 23323
18204 22605
6881 6955
11688 14230
38216 42954
18794 20320
41357 41644
35310 35447
25000 28980
8016 8195
40371 41797
45288 46059
35711 38521
28007 29708
2305 3130
18133 22250
21940 22689
32496 36971
15944 18833
684 3069
46438 47436
11706 11918
19188 23373
18185 18312
336 1403
341 2763
11221 12029
17472 20681
26997 30796
39112 42793
25926 27263
34848 36227
42364 45827
9419 13717
33287 35466
7621 8704
8294 11190
14496 14576
25704 27807
12873 14190
19986 21607
7643 9368
17321 17713
39807 44119
31360 33846
25027 29827
23200 24743
38590 43329
44225 47359
38836 41859
19867 23268
48404 48663
44327 49213
40097 44097
30100 30713
11994 12597
31934 35172
37166 41912
36150 36616
37349 39484
4370 5915
10090 14000
7247 9338
44395 45186
3245 3615
22597 27569
5184 7336
33048 36380
45980 50000
34620 36106
48215 50000
34759 36757
8167 9447
1374 2120
10213 14644
34661 35035
27920 32642
7815 9942
49820 50000
35081 39342
35317 38937
34990 37726
31272 35964
36657 36688
33132 37827
17050 21806
49631 50000
27349 31555
16579 20129
21864 22364
30100 33902
1116 1295
371 2849
14000 17492
32618 32728
34151 37725
2830 4030
31809 32850
46155 49662
9048 9245
29617 31527
41848 45734
27626 27958
1085 2227
21079 24533
9022 11875
15849 16854
10907 15004
19512 24021
12372 17284
26481 26697
4075 4655
35370 40246
47877 49199
17547 19500
26473 29547
42323 43827
28917 33909
41027 42141
28506 31545
46625 50000
35084 39516
6534 6846
21 1842
49733 49879
12278 17023
405 3961
48825 49478
38693 39811
11192 15172
28776 33295
47100 50000
23072 23469
21880 25636
10025 12492
36440 36619
48196 50000
42928 46558
18060 20196
5126 7240
6676 7134
29019 30984
6291 9655
5439 9166
12032 13911
27843 28576
41702 44944
8933 9322
16867 19995
24945 27356
5382 10017
30749 35732
35062 38370
8213 10140
35968 37438
12903 16709
32258 34712
42643 44634
20173 23772
25355 28224
26152 27216
5930 7594
10020 14000
47055 47958
18578 21104
39968 42296
30016 32130
45561 46468
37844 38110
36303 41062
16628 16802
11907 16107
41113 45650
7764 8718
47374 48116
38507 39932
45577 48022
30070 30957
17608 18551
47817 50000
27840 29345
29300 30455
4614 5565
40562 45462
42294 47180
11048 12552
38683 43503
2640 6962
28203 33140
27385 30505
44513 48042
23506 28390
38783 42050
19839 22103
25498 28275
28410 30945
11121 14913
39435 43332
25182 28208
34673 36935
48537 50000
1837 4864
36393 40260
22905 25831
49302 50000
35317 40285
2905 2986
25512 28174
19882 22436
14299 16808
31876 35778
30603 32015
10801 14332
49637 49916
33560 35728
19886 20645
12029 13894
21841 23093
33478 37957
26654 27163
34583 36259
49454 50000
38048 42252
30752 33954
39138 43359
25448 27296
35340 39996
45115 47979
7056 11375
25250 28048
40074 41527
32005 36243
43544 44030
13064 13899
48317 50000
5962 6453
7232 11647
33519 38018
6867 8367
8025 12002
42855 47225
38597 39887
13445 15375
32798 34496
35692 37271
22047 24975
38211 41953
3191 7487
43581 48128
20058 20131
28845 29220
4495 4637
8522 11086
18303 20147
28699 31201
5444 8032
857 4675
12757 17363
19661 24409
11038 11212
36645 36833
20209 23365
32617 36793
7394 10522
4406 9026
18360 18990
25945 26039
5627 8004
23470 24555
31186 35301
30990 31985
24975 27796
41192 44317
22355 23788
49200 50000
36834 37202
20864 24986
48440 49497
10097 12396
46390 50000
20372 21214
972 4402
17932 20520
25981 30657
38792 41955
14680 18284
4953 7901
26137 29766
45259 46788
40749 43628
24993 29335
10376 12453
47335 50000
2190 5668
26659 28497
4403 6988
31121 33973
43461 46995
40720 45361
39743 44352
29107 33288
3584 6579
32837 36164
17507 21270
28076 31005
41928 43237
25345 27336
30903 35131
7399 9336
11235 15187
2894 5609
15917 19495
48104 48325
24119 25407
441 3092
23770 25599
8603 11692
19171 24050
17299 21036
34064 36529
42223 45284
14701 18738
14322 14957
28627 30406
37414 37586
8657 8956
22817 22909
2678 6376
15843 17914
30226 33634
37054 41904
27557 30346
44509 44807
38108 42084
31238 33312
25272 25934
33819 34689
23000 27167
10572 12465
3747 6789
37140 38860
22312 24447
12631 15006
8277 9311
16509 17952
18708 19896
1739 3308
44307 47098
17579 20904
47475 50000
41254 46077
10204 12111
37041 37575
10764 13101
38693 43540
125 3389
39882 44238
1538 3211
11984 12444
25427 26619
33237 36899
9368 10574
44985 47272
32858 36923
37541 41645
30230 30481
27339 32034
43509 44174
5687 8120
26437 30730
40136 42229
22411 24105
18477 23156
42089 42956
35966 39525
13100 15235
23195 26233
41779 42575
3647 4313
32668 35598
42119 45022
15633 17386
2504 5204
19635 21850
43825 47112
12749 16235
33304 37006
18104 20449
16143 20007
23299 24568
15749 17459
25765 26010
24440 27835
13851 16018
36847 38887
30055 32312
35233 37520
3522 6877
32652 35777
20415 22403
5231 6939
45905 46500
38040 38417
15534 19561
24023 28500
45842 47826
9907 13506
19899 24189
19616 20821
2564 3363
23207 26446
4633 8542
37298 39522
21974 24523
20569 24863
32482 33830
24047 26612
2125 2751
20119 23757
28036 32922
46817 48724
41639 43450
36597 39424
8912 12923
44208 48456
37168 38419
46443 50000
389 4473
26850 27522
28029 30117
46510 48854
28164 30184
38431 40501
12972 13585
39698 44590
17357 18475
47849 50000
4249 8656
7779 12442
6685 9674
1810 3114
3548 7306
22169 22918
26100 27441
8373 12575
49124 50000
39588 40036
30694 32263
3703 6410
14884 17647
44920 47276
41625 43184
13654 16577
40100 44475
38954 39713
46232 46846
21180 22695
24155 25005
21445 26088
18914 19927
10268 14041
16162 17728
42876 46923
3961 5319
29290 30327
49959 50000
17560 20774
8995 12074
2277 6788
40421 42590
46949 47923
12355 15937
1316 5176
25495 29971
14068 18516
34677 38820
23592 25366
29035 33011
4534 8030
37844 41284
39245 44144
35658 39778
9832 10621
23093 26847
11229 11671
3094 4108
25735 30721
29077 32061
16836 21222
49962 50000
4790 9205
14486 15190
2940 5801
43665 45607
20464 21057
9031 13562
35932 39376
29732 32026
43630 47862
17755 18267
49515 50000
25141 26272
31219 32979
43828 46417
15109 16645
30207 30271
8666 12378
48905 50000
8621 13343
17587 22142
15670 19769
20510 23917
19245 22977
937 2384
18252 20604
9708 11306
8547 10636
49261 50000
14722 19548
15479 19533
48441 50000
33326 35911
3853 4563
19074 21026
42667 44145
16396 17101
34489 38815
21957 25187
36526 37636
33798 36140
39569 42884
42057 42587
22128 25864
30088 33511
2524 5217
44279 45988
31693 35725
36186 38663
14982 17505
45961 47917
17475 17682
38191 41376
4374 9287
40794 42447
14400 18067
21148 23241
14999 19717
5521 5892
13319 14847
20086 23044
2118 6440
49070 50000
5636 6950
19482 24203
40765 45063
26672 29781
11731 16508
11927 14113
10896 13681
8717 11681
3897 6977
10894 13475
45991 49008
34176 37458
21601 23159
12190 12576
24884 27674
47217 47711
17919 20247
33415 34006
29902 33956
31515 35110
12583 13184
9681 14653
60 4476
26255 27711
