2986 124
20300 25063
39655 43960
38022 38610
3268 5612
17214 18150
6024 8967
16885 19721
15657 17599
44275 45795
8805 11327
45743 47314
24815 28770
43878 43898
47303 50000
14923 17565
151 3530
20882 22033
36668 40018
36433 38677
8252 10861
15919 18854
15329 18527
12530 17054
40297 41902
31360 35665
14311 18809
8099 11807
12457 15508
23849 24068
30150 32175
46100 48583
8353 10499
4729 9023
4783 7707
3697 6031
37180 37281
3830 6772
41054 43327
19964 24651
47168 48461
48294 50000
7743 9613
42763 44849
34854 37586
8105 10809
4184 5926
28648 31787
26592 28097
36528 39670
9282 11762
2333 6508
49137 50000
31048 32673
31939 35075
31540 35973
41153 42159
19799 23690
23551 25299
22732 23869
39231 41402
36767 37345
35270 36389
47980 50000
6460 7219
389 4375
48100 50000
22409 27336
49390 50000
5515 6578
7301 8950
45424 49098
33532 33844
33797 36932
30093 31485
5133 5377
11462 15293
13117 13767
49303 50000
9239 11642
23909 24027
43334 45558
47007 50000
31068 31752
9748 12156
38229 38856
49305 50000
11671 16065
25299 28690
44647 47670
35535 36799
19230 22027
16753 19542
510 1049
3798 5045
35914 36142
37269 42178
19077 20127
41399 44701
22865 24003
42947 47754
31141 31927
5359 9132
40159 44674
16667 18527
20459 22883
9962 11171
33400 36774
2088 3373
14638 17627
42878 44466
32430 32482
9002 11484
15335 16001
20604 25427
35421 40249
1504 1642
10232 14460
35343 36464
32448 34408
5227 5423
46656 50000
9774 11600
15227 17572
27026 28082
34699 38495
22514 27080
40456 43676
2921 7374
2808 7422
24044 25887
14473 16979
6248 6346
42796 43228
6314 10812
20803 24401
44974 46807
42179 44777
15902 17625
49813 50000
4293 6372
31556 36505
18432 21840
34038 37891
27205 31595
29135 31654
21329 22735
15857 18995
13332 17198
10245 13118
41616 42038
24281 28509
45712 50000
14946 16518
3161 4841
3704 7501
20492 22695
31034 35992
42487 44761
37318 37360
18458 20033
18833 21899
3059 3106
46556 47287
26901 31790
10300 11529
30585 34061
17293 19924
2478 3775
44050 45329
11252 12570
41373 44778
1794 6435
11442 14566
42246 43807
42586 44361
13517 17234
1610 2282
38157 42489
25254 26682
31257 32141
32464 33778
23183 25010
20527 22161
29050 31748
1179 2471
34646 36384
4850 5731
33342 35348
1302 5618
38233 40879
25306 28984
32485 35487
48688 50000
27952 31235
35809 36363
48694 49976
43924 46936
15241 18957
47096 48174
13237 16762
46140 47810
21527 23699
46392 46646
41135 45214
43247 45780
22714 27331
40074 40483
7425 10816
43876 44435
5480 5721
7764 8412
1080 5284
31393 36094
40904 43719
5311 6620
44112 47820
32133 34734
22101 23277
19848 24149
41597 46063
38282 40391
47429 50000
35403 40089
32265 32442
44954 46055
3547 6022
41466 43985
33774 37312
25112 27700
4169 8202
29602 33397
17475 20940
22670 23374
42907 45428
37330 40023
43645 47063
21859 26484
22821 25809
39381 40404
10161 14381
40520 41008
32620 37291
42359 42525
12228 16505
22243 23494
6409 10590
49915 50000
10149 13592
34111 35100
25731 30287
7030 7347
25846 27306
36024 38538
29808 31112
9554 12357
21558 23144
48392 50000
1278 5583
21946 25048
44125 47786
22080 25402
3862 7292
16122 16382
33003 37659
17760 19135
22506 26804
20214 22998
11492 12249
24791 29200
48795 50000
33774 37817
33526 34208
19489 19931
47290 50000
38303 39432
14275 17216
16217 17532
10014 13287
10926 14876
15981 19560
27008 28281
41895 45230
27424 29362
23301 27441
11462 14960
1557 3799
23566 25420
19946 22274
35990 39655
23003 27946
9711 10337
47318 48207
30406 31948
18823 21340
21624 26186
16495 19225
5781 8452
29945 34505
20252 23474
8328 13139
42409 42898
20839 21043
13689 17223
43173 44401
3298 7312
38302 39859
17488 22379
45035 45361
17027 18388
15987 19461
35387 37274
5852 10732
36146 37612
25058 25350
31652 33902
48324 48403
21561 23488
10423 11689
29003 32614
24159 26405
48573 50000
15630 20480
6834 11640
4417 9136
37150 38037
28764 31018
12322 13658
18287 22285
9432 10627
36481 37782
43446 44570
34112 35249
36004 40006
17859 20666
20857 25456
4470 8800
22771 24823
27786 29927
49627 50000
3132 6512
20544 24457
5448 6709
11958 12724
49999 50000
35335 39844
7412 9547
41324 43437
10311 12133
26677 31564
36088 37356
48086 49789
10393 10736
10624 12243
10434 13773
13480 17091
21922 25394
45591 50000
4192 7918
11365 14190
48121 48628
29075 32516
29254 33086
42006 46491
37090 41873
2159 6647
26594 30279
35499 40089
23222 24038
1712 2160
42852 43694
33417 34384
20024 24655
19943 21146
39310 40476
40475 45085
44750 45212
14320 19009
39973 43191
34064 35191
38958 41892
9894 13381
5981 9019
15049 19110
8632 12779
17481 21165
38225 39700
11684 15121
44498 46471
32637 34683
26669 29282
42331 44248
33311 33591
35371 38098
24814 28994
41887 45436
23114 24709
8894 11316
43505 44762
45302 49073
31466 32357
5405 7685
22417 23343
37857 41633
23042 27949
14216 16125
23748 26626
37998 39446
42595 42840
47168 47769
39573 42462
13373 14665
14328 17584
6775 9958
4315 7765
7258 10100
44028 48245
39426 39449
40273 42011
24152 25567
23627 24722
7889 12494
22488 26707
20980 21294
48079 49536
29306 33762
10138 11680
21409 25870
38785 40582
30983 31968
49693 50000
6813 9212
17271 20899
3893 8872
36492 39205
20151 22064
6102 7540
20902 21185
34247 36400
3393 5294
24115 24883
27493 30167
31318 31811
42511 44341
20477 25069
35293 39128
47271 49903
12028 13723
22136 25603
17531 17941
46009 49839
25 4602
13890 18723
37154 41030
18781 23166
45564 48479
41876 44617
30342 31207
38810 41064
14734 19306
47639 48784
16901 20178
33424 36164
48715 50000
12224 13398
43889 47476
45495 45912
43611 46246
48344 50000
10016 12577
16092 17036
12916 15051
6305 7083
28558 31159
43199 45587
12174 16791
44938 45653
10765 11444
29532 33155
22016 26447
17399 19331
6643 8519
46417 47691
37279 41022
41697 44460
34325 37267
38342 43199
34834 35342
16295 21170
34449 38931
26421 27604
10147 11888
25250 26944
31002 34645
9899 10527
38040 38294
31964 32452
14490 18304
9276 11757
37125 37752
39651 39688
16897 17558
15112 15914
19128 23671
3676 8103
35855 38762
12228 15151
45615 49469
12994 16348
25860 30274
43639 46320
29500 29863
14034 14090
18132 19961
7142 9919
11364 14017
13264 14091
3848 7596
42541 45993
30571 34508
39271 44058
36386 36704
43770 48399
15400 17133
30680 31740
37082 40318
17199 21870
6578 8068
31315 31643
32270 36876
40056 40218
10172 10826
24786 29671
38235 41999
40228 44324
9273 9436
48886 50000
28868 31967
23950 24409
5737 6723
41945 44359
5705 8303
5645 6243
28245 31087
24317 29181
23403 26931
9514 13481
8009 10318
18120 20419
47491 50000
23253 23535
33285 36013
32431 35083
41109 45266
9150 13295
15377 19824
4481 5314
24757 24873
43260 46347
10884 12673
100 320
8433 9264
13420 15022
36618 39408
26717 30291
11559 14942
1381 5040
16892 17367
48757 50000
31444 32776
24921 29891
1879 4777
14652 17315
14701 19314
47520 48141
30628 31296
8055 12472
22213 25888
48008 50000
35798 36639
3404 5901
43159 46489
23492 26194
21874 23266
43717 47712
43459 46686
25844 28623
5537 6223
18790 21171
38242 41517
35556 40186
1972 2647
9682 12691
44379 46404
27327 28477
46392 50000
9807 12525
41860 42481
522 2206
17763 19456
13996 17775
560 4679
25634 27922
32565 36089
38015 41160
35432 39400
1070 5254
13452 14465
45875 48250
6506 7024
35902 40080
40693 41638
48552 50000
41056 44962
17604 21693
7544 11597
10047 11901
36153 36916
7530 11429
12898 16317
43812 48300
10449 11458
9433 9497
24043 24170
46043 48049
44192 47167
1069 5683
17589 21441
46667 50000
4398 9001
47191 48488
43460 47377
43228 45665
44178 45329
30131 31101
27321 32309
5416 8143
28480 28512
31337 35331
11276 12752
25447 29333
19145 23205
22405 22412
4040 8735
33048 36919
7602 11127
26685 29375
10402 12552
15823 18871
13184 14085
40759 43310
26910 27026
19963 24661
45918 46700
8113 11947
19315 23042
11578 12516
28169 29247
30932 31396
41906 46801
41095 42370
5681 8239
15791 17486
6208 10705
40919 43652
47460 50000
12953 15225
35619 37336
2559 7032
25212 28028
38814 39673
4231 4596
26518 30291
44526 47644
49020 50000
11762 14380
22644 26278
28484 31691
10399 10509
6463 10856
44475 45280
38344 38791
37805 39275
19906 24171
44715 47768
21460 22976
17749 19824
7758 12391
31502 35367
11563 16206
3892 7124
3285 5765
39291 40605
7547 10637
33348 34359
45905 47893
33087 37620
20383 21913
23253 24406
46584 49943
26784 30496
23898 28679
42734 44440
31774 32642
41739 41790
40733 45188
42731 46461
48332 50000
32354 33308
32133 34630
12835 12893
31488 32029
8745 10973
46125 50000
7836 12680
13902 18360
47390 49545
49431 50000
7498 8953
26574 30080
29414 30986
40423 43265
39605 41955
1374 2796
30736 30806
49753 50000
8706 9772
41427 42858
25067 27571
15187 19503
17286 20331
34495 36771
29583 34040
440 5406
11984 14345
22752 27205
23555 28075
49162 50000
16789 20728
28033 31495
45910 50000
4923 9035
24608 27365
14101 18161
15630 17327
19194 22166
24888 26466
14935 15285
37275 38750
19684 23650
6499 7265
30270 34935
12295 15478
20547 22138
40283 40545
187 948
21570 25587
2717 3911
33054 37066
25500 27813
4952 8532
41511 41818
11605 11720
17904 17946
14186 18882
19293 23526
4255 8587
29947 32106
43883 44925
31356 32732
12741 16659
34805 36778
16344 18946
11090 13283
15925 20538
41873 44819
5712 9630
23351 25540
21152 22037
21057 25752
4384 8698
3064 6376
30844 33620
6367 7416
2308 3422
36711 40298
22219 23711
18157 21084
10093 14522
44456 46051
12607 16158
21390 22200
1879 4932
33148 35297
28756 33011
1808 2688
11204 12119
28915 30149
2705 5516
19497 19870
28510 32603
3072 4199
16975 18921
19399 23751
16215 20779
18067 19045
37163 40199
9724 11853
40516 43934
32087 35910
26037 27814
3896 7536
33578 34220
5285 9088
25783 26381
2290 2456
974 3710
40326 44649
16668 20251
16040 16506
14396 17224
22675 24529
42141 43629
3857 7132
49242 50000
20977 21606
46561 50000
38428 39430
39704 44108
15277 17244
27932 29336
11036 13695
27988 32564
16821 17224
43660 47411
30724 31874
43103 45805
46708 48909
17946 22283
8863 12635
2479 6607
31250 32136
10028 13329
14973 18727
6421 10318
14263 16475
39457 41002
38284 40462
44368 46930
9193 12618
39477 40038
41257 45421
32556 34585
19330 20965
21029 23132
14630 15827
8818 12434
21217 24984
1081 3603
23967 27210
15149 19085
17121 19597
39782 44760
8528 8716
283 1206
7791 7966
26708 28814
9333 12173
15487 16550
15826 15913
26104 27171
10497 14001
40540 41813
30501 32014
37985 42785
6103 11065
15043 17256
18431 20925
35476 35550
16776 17878
33573 37663
33647 38050
14513 19388
48556 48832
12229 16132
5164 5371
6819 7407
43714 46359
6241 7701
18924 20315
46778 50000
17510 21184
4899 5798
34003 34799
22684 22761
8379 10185
34508 37293
34128 36026
25256 29530
44973 45340
44945 46749
17540 21150
35145 39001
3464 5930
32363 32516
21831 23815
15638 20214
45099 46084
5317 8052
19587 20935
48388 49732
29970 32143
18044 19409
7977 11183
34868 35742
1662 4883
24652 26431
7417 7580
9724 10122
10293 15009
30803 32413
36620 41488
29645 30427
32378 32383
32530 34787
15608 18334
10535 10692
11363 11371
33296 35751
20953 24801
37746 41103
39379 43603
17407 22325
36506 39411
33907 37113
33517 35545
28363 32705
40912 44488
34968 36953
15051 16367
20402 23805
37668 39940
4450 8473
42487 47353
41249 43772
26035 26691
2366 5139
9044 10082
11600 16578
12094 16125
30672 34616
21902 26575
4164 7234
4562 5859
3706 5086
23773 27444
2732 5412
5356 8178
12823 16700
11486 15494
34338 35745
45699 49435
28957 31094
13965 16366
24911 25620
21491 22730
16463 18587
42071 45957
40406 40781
22135 26971
29775 30825
10075 11708
30442 32187
3735 7298
41695 46241
49807 50000
16763 20884
25801 29411
34455 37727
42417 44337
5252 5766
49037 50000
31872 32347
32832 37518
42508 44227
32112 33959
16512 21489
49440 49787
19923 22284
46154 48785
5564 5884
6100 6655
49625 50000
46844 49876
37239 39249
40940 42988
32916 34851
32781 33056
47187 50000
8797 12632
11988 15581
40600 40911
22792 26547
34430 35733
30524 32221
2689 4288
28219 30762
30119 30976
2998 4864
47290 47660
49479 50000
39099 40965
22996 25856
12941 13575
8755 10856
45278 47148
22593 22984
28413 29684
13449 13812
18711 21055
38424 41381
37063 38232
4976 8397
15841 18182
49138 50000
28607 31862
4313 6712
8782 10219
42301 45201
48523 50000
12594 15029
22326 25704
24677 25896
9709 13036
34456 39271
39249 42546
46421 48033
24631 28486
7210 7489
3938 7325
27450 29509
40877 45329
32961 36007
19147 20058
12666 14582
27313 30677
31972 33504
42899 47226
22704 27025
6948 8419
16927 17965
43929 44145
47893 49400
43928 46490
5794 9896
6977 7598
43184 43390
47439 48369
28568 31781
3031 6257
5043 8747
27536 27551
3978 5911
9205 9227
35395 39246
30144 33926
29416 31028
16646 18246
3603 4600
23972 24303
10188 13634
40165 44661
30617 32308
19290 20887
32653 36405
13192 15893
4557 8617
49465 49945
26625 30527
15257 19019
15098 17618
5986 8243
49861 50000
3322 5474
36164 40473
24127 24660
14260 18304
7095 8359
41518 41643
31360 31661
30446 34120
6890 8469
24512 28422
1601 5595
9332 10987
28662 31582
43260 44530
45267 45993
14428 14815
25057 28108
28985 32676
504 1315
45368 47368
26073 27258
2883 6347
16013 18622
5304 7868
5353 6356
2221 3156
48117 49022
35755 39687
18647 19831
4408 9375
7791 12320
24631 26344
48390 50000
13846 18366
44941 47273
33743 37287
19063 22983
21401 22300
36069 38022
8321 12113
40978 41618
9476 11647
14178 16786
18367 22729
26170 30864
28892 33298
12674 13650
33808 34449
4241 4505
3295 4593
46709 46790
11417 14385
44269 44712
9429 12470
47008 47778
10100 13681
793 5705
25108 26464
12875 14090
5520 8203
2087 2463
35767 40159
13052 15702
37354 42140
49261 50000
673 4867
16832 17509
12047 15646
21661 21821
8567 13142
27600 28539
27120 29211
20440 22433
3775 5085
36351 36968
38690 40347
33986 36524
23214 24733
8288 9734
8056 9451
39604 42747
19897 22878
13360 15491
48792 49050
41447 41515
43504 45288
9711 10566
1205 3199
47868 50000
28009 29016
28563 32911
45948 49479
13510 15791
3754 3933
17002 19498
3718 4060
10155 15030
39662 44475
40043 43853
2500 5739
25377 26614
1897 4936
26798 29580
10552 12951
24009 27654
41279 42710
42767 45587
21720 24686
39643 39743
2625 4334
43682 47556
31626 31927
45234 49995
33188 37177
8719 11709
29894 34217
24495 28272
12340 17297
26498 30361
35046 35730
33947 34482
38786 40012
40289 45210
6374 9571
35836 37871
35085 35289
12505 13518
15592 17187
32403 35271
40493 41495
42459 45755
20688 22046
2501 5702
27879 28671
47319 50000
16430 16622
29637 33157
9771 11794
23786 25188
7493 7617
19276 22828
46692 48129
11213 14402
15258 19577
22818 27747
7341 8986
10351 12330
28232 32352
16651 20818
31191 36134
45454 47665
31046 34305
18683 20014
16917 18767
32457 33252
40378 43608
49653 50000
44577 47212
7027 8506
5770 8897
12561 14829
47877 50000
27630 31107
11539 12798
38531 41418
42397 45107
2162 4029
36896 37560
7841 9243
16305 19106
26393 28130
24308 29050
16732 18713
7506 9785
31978 34110
21843 25641
12450 13589
28062 28462
29483 29541
17897 22643
34256 37027
4766 8500
49349 49911
20794 22916
15728 19000
6132 7649
23495 25643
38865 42335
43003 44385
34155 34260
47093 47132
4963 8935
32115 36740
13700 14261
14725 19420
42513 45191
35769 39787
16702 19399
27106 31758
36720 40497
2121 4310
18597 20088
45824 48293
49936 50000
3281 6608
1912 5215
32370 35518
17964 19427
5086 5740
35355 36129
2544 7320
44793 49254
7093 9170
5229 7104
38328 40416
45721 46708
49338 50000
47169 49427
23192 24186
22142 24353
6071 7246
32593 36003
57 1034
33429 33854
34849 37609
3181 4830
8869 13063
36988 37631
22048 22107
29348 30259
6368 10216
38498 38592
20760 24570
16527 20979
28121 32867
851 1534
2290 4278
7226 7620
16700 20931
17272 17900
15469 15708
19863 21024
18785 21723
29793 30730
10870 11465
40410 43831
31655 35861
40255 44860
37372 39770
43617 45705
698 2118
978 3133
26621 30555
29895 34352
8565 8865
1796 6666
40621 45104
6234 11113
3944 8270
25542 26565
38649 42417
3730 6174
4964 9447
44305 45281
40676 43807
31569 34008
21101 21810
29449 30657
8298 10147
7136 9861
18360 19708
21820 26538
36814 38823
18923 22208
210 3517
19836 23441
5583 8927
40224 43803
9623 12343
34366 35917
16423 20075
27313 27901
26175 28393
32535 33367
13921 17864
20440 25143
35095 37866
33786 38246
5430 5813
18949 19762
20619 23667
11857 12340
25930 29127
48207 50000
29716 31902
15562 15911
10854 13053
3927 4614
27397 29086
37265 38176
34087 38194
25980 29049
32377 35982
17187 21280
10965 11074
43481 44779
19680 21199
2696 5894
3249 3831
24081 25908
8508 9594
9318 10126
18083 18434
36416 38280
40052 40764
35272 39973
1530 5516
23748 27833
40649 44893
1842 5552
26565 27090
35901 39452
41806 46278
13143 13976
12966 15226
28395 32620
9988 10615
41242 45580
24149 27391
20681 23220
10461 15346
46929 49318
282 5046
19498 20041
21975 23519
45816 50000
8887 10327
25775 29503
26471 31295
24867 29032
34690 38311
19886 23759
6361 8166
42303 43767
12541 17293
20069 22054
10463 13223
26944 30767
30665 30764
24014 27363
9249 9375
26568 30933
11670 12143
7934 8273
14574 18240
34961 37176
10063 10602
45976 48993
48135 48637
17920 18404
42094 42184
49830 50000
32535 36189
1533 5198
10663 11551
7923 10262
32673 37565
40840 42620
30137 32886
22183 24556
4873 7624
4807 6316
28677 32256
2515 7172
1231 6020
33223 36341
12829 14339
40793 45365
23371 24825
49434 50000
1115 1423
37262 40370
35131 39285
5707 8254
15552 19293
40287 42582
43439 46858
15686 17114
12461 13629
45639 47836
21063 25983
48251 49672
43990 45510
23043 23062
8079 8139
38743 38899
37274 41280
41448 46117
47910 50000
5942 6802
1207 5179
15073 16830
13772 15176
39504 41130
45180 46568
38016 41773
5083 7291
29284 30921
29260 33961
40480 44011
45508 46461
30352 34164
42488 43929
35398 35487
29116 31743
12905 15509
18298 19686
24293 27221
16238 17414
49745 50000
4365 8103
32885 35215
20662 25474
34592 36687
22451 27212
43415 47010
40453 41520
44044 46641
29900 31696
38348 39050
29177 29455
33538 35274
48757 49310
36029 39811
49517 50000
7977 10335
37635 42156
43040 46299
27449 32145
49166 50000
24017 26211
22941 26376
11730 16279
43975 47839
264 1241
28693 31541
17008 18048
42420 43611
17971 20094
42953 47671
44952 46875
37418 37810
29545 31046
35749 38498
49354 50000
32181 36423
10033 14952
33954 36267
26550 27252
16241 18571
45683 49790
36334 38269
21731 23895
7686 12532
12774 16639
22024 23452
1057 5408
4553 7900
11983 13630
576 1849
24253 29252
35899 35976
10730 13272
10114 11410
10422 14412
14928 17131
11267 14467
71 4345
30771 30824
32713 35614
4586 7439
24460 25396
9941 14005
18032 18226
44088 48018
40198 40318
7282 9967
30259 31405
41852 42230
26255 28109
47239 48596
40221 41000
836 5083
5845 7346
8665 10958
2954 3743
26650 29682
17996 22937
23548 24117
2818 3794
36574 40709
28790 33090
15182 18864
49188 50000
41812 42873
33719 37106
47806 50000
30480 32447
26498 30716
2515 4773
31108 33071
44227 47542
41210 45120
9379 11470
10744 12942
47497 48794
23478 25140
26575 28579
31534 34656
47641 49861
6509 10651
39256 40927
20073 22527
37221 38675
36633 38159
19706 23333
22724 23123
19947 23373
30407 31061
33279 34808
2376 2790
633 710
42633 45857
37708 41536
43723 46426
1 4736
43106 43333
31370 32003
6733 10408
20664 24307
38737 43521
5052 5235
21155 25502
11149 11551
37196 38315
851 5319
37933 41209
19300 23372
28840 29576
5111 8098
31511 33224
15878 16722
12354 14481
27262 27493
23287 26461
46140 48445
25374 28618
23298 23673
16344 19620
11328 13180
10971 12953
42389 45131
30415 34885
20092 23831
18334 22043
42822 47028
26775 28712
22122 24066
38981 41253
25251 26589
25570 28698
19561 21759
49248 50000
43673 44976
42460 47247
40141 41693
7046 8096
5258 6927
36740 40807
10615 13764
9342 10345
48023 50000
15315 16457
20342 21373
22844 24496
20092 21881
17076 20899
47813 49761
3567 6768
12876 17587
1763 6232
43778 46245
36208 39493
36697 39084
45416 45677
26442 30960
8435 9496
17896 22105
40036 41258
1564 4101
17088 18287
18553 22876
32141 32849
49912 50000
18252 20666
14329 14591
13804 14628
23266 26245
35767 40184
23528 26858
26720 27613
15774 20686
12183 15069
18666 19534
43474 47434
8034 12495
5911 6813
29560 33407
37503 41972
15358 19676
45590 50000
49243 50000
39207 42026
6047 6599
18085 18734
33382 37980
28148 31440
20108 23602
31657 31934
31008 32642
46224 49657
40852 45493
32509 35162
45346 49754
46608 47460
16959 20608
7218 7455
27257 28294
15956 19615
37783 40739
26262 28128
37691 38133
10166 11560
8559 8654
48465 50000
38944 43521
4424 6883
14513 15779
15150 15585
29500 32433
36028 38918
40244 43952
35247 37635
28287 29319
30453 34897
9879 9899
6082 6266
27258 28895
39995 40361
30028 32924
4715 5508
44290 44879
48884 50000
24961 28364
36168 38159
42711 46722
17149 19649
7157 11391
21568 23436
46420 50000
44377 45401
16846 17670
37352 37385
1271 3842
44002 47039
14129 15194
12577 14415
20933 25920
7777 8107
33299 37240
9147 9783
43081 44418
47706 50000
1552 5120
6487 8849
49309 50000
40332 44661
22569 23701
42219 43372
579 4568
17649 21865
46837 49131
28086 32452
25425 30181
42008 42450
7123 11910
6384 10892
26771 28298
18855 22999
18851 18994
44886 48978
49678 50000
33051 36154
367 436
36419 41284
16907 19142
24159 25043
29338 29551
9645 11327
39413 39551
1084 5083
29880 34629
49178 49638
11644 13087
3229 8171
16699 20747
19735 20728
22303 27025
27301 30772
18070 20949
5399 5927
13166 16134
35519 37028
40300 43427
5477 6220
37527 38464
32236 34380
13288 14753
12651 14881
10168 15067
45606 45747
3968 6959
6229 6891
14451 16024
33313 36518
41007 41493
9223 12717
29799 29940
19457 23950
14350 16804
19084 19226
12627 15012
41015 43566
48233 50000
9346 14345
32509 33922
28651 28980
7458 10523
9167 9232
18382 22833
16899 21332
47391 50000
709 4108
1260 3671
40001 43255
33522 37826
31083 36029
7402 8398
28340 28592
21936 25568
19103 21739
22094 24973
20510 22036
47386 50000
23078 24020
6275 7737
5398 8043
45173 49435
45615 48379
10445 14899
3722 5687
11561 16493
35637 39708
22273 24980
17557 21572
41683 46568
26245 27362
20671 21900
18212 20188
27387 29630
25867 26569
38266 38809
27454 27796
18874 23575
8673 13668
19073 21192
38288 38528
30911 31041
33792 33987
3809 7583
39206 44175
34539 34820
29878 34744
2313 4811
18468 21658
20346 23443
25848 28606
12685 15514
2618 4446
9848 11349
14787 17620
26509 29770
4241 6379
24164 25713
29094 32361
17247 20139
8322 11635
17276 22004
17737 18358
8850 10127
5919 6395
12216 16441
22518 23830
10291 15172
47104 48500
14844 19700
42547 47283
7176 11299
10376 14293
16487 20126
16768 21370
45019 49188
48862 50000
17834 18544
23908 25760
29189 33759
12415 16846
45187 49863
9006 9335
1171 4695
8964 13732
3617 7532
875 4346
20096 22283
34867 36779
36442 37510
812 3055
14746 17698
7298 10435
35281 36931
9182 11827
42799 46349
12426 15562
15438 17205
17499 18240
47198 48390
35826 38246
1004 3537
18374 23208
22967 23327
17725 18505
34805 35710
33483 37886
37130 40988
41357 44397
44759 46223
6114 9638
29885 34241
9055 13719
37684 38321
21678 22021
14604 15781
17315 20577
2794 3627
33588 35080
2234 5610
41445 43811
9872 10442
1188 6043
24562 25268
17146 18450
36203 37451
30677 35241
23917 28298
10643 15515
47666 49965
4011 4964
18313 22615
4891 8034
12109 12346
10252 13656
3684 8625
35881 38364
2832 4050
27523 31578
31563 33406
34514 34557
35830 40675
8015 9513
32977 33323
40533 42859
31406 32890
15109 15700
32933 36062
10666 13531
41533 43081
33397 34673
1169 2699
9071 11311
18901 22978
41318 46087
45787 45859
20680 23244
6456 6674
31090 32562
6266 11035
31265 31618
9370 10163
43562 45089
7842 10496
28937 30752
31291 33457
4189 4191
24752 29610
11461 13281
8474 11362
26423 31408
14203 17225
35177 39569
28833 31262
29754 30850
48786 50000
8217 11913
34055 34415
4649 6813
32616 33597
24310 28097
29827 32255
13268 16476
43864 44258
10959 14964
37848 40291
32596 34888
28825 30073
48672 50000
11295 12712
9875 12021
39422 40874
12938 15621
25113 25260
41373 41841
21351 22450
37010 37039
41091 45510
29251 32560
43415 44767
31663 34739
48064 50000
46719 50000
28118 30065
30557 35366
4800 7803
26936 29156
12520 13129
14234 15383
13921 14011
11702 13322
9620 12491
30175 32480
26728 29682
15125 18899
28718 33065
41945 43534
32444 33408
47529 48743
16171 17680
26255 28781
36751 39850
15064 18056
473 5064
44188 48303
38385 38741
33569 34655
5394 9900
37779 38273
3768 5880
30163 34273
5774 9817
29370 30211
27721 28772
36294 40093
15591 20406
12788 13315
43769 47207
2083 3142
9556 11359
13935 15029
36436 39578
34070 35061
3127 7799
43659 47475
31118 31380
14409 18161
23611 23924
9323 13461
24979 25062
29485 31516
7851 10727
46814 48701
17898 21136
40201 41064
22584 25081
43338 48217
48015 50000
37592 40544
38744 42970
37442 39136
14632 18390
5343 5819
33560 36114
21434 22572
21238 25679
40417 42084
12570 16232
42301 44487
40180 41468
49635 50000
1572 6484
32936 36279
48472 49464
15996 17631
32036 33460
9741 12431
17297 20587
25901 29189
19886 21527
44242 45122
45392 45447
12402 12454
27613 29406
19176 19810
21690 25522
4265 5227
21390 24244
49827 49976
18906 23022
34471 39372
46787 50000
8866 9121
5390 9680
25320 28305
2853 5710
37677 39455
16658 17533
6091 10563
32737 33841
20929 22935
36738 38958
48865 50000
4844 6174
32831 33352
7922 10874
35007 39581
48454 49342
13753 18124
42056 46674
17919 19372
28472 28483
35989 36445
19008 20866
29381 30246
1477 3034
18248 19351
42855 46250
4277 8380
46061 50000
43581 45337
5356 6168
9837 13802
43131 46617
41324 44694
6189 7986
43858 45117
45859 47179
47144 49845
2025 4005
20966 21251
34459 34710
30464 31743
14398 18090
25459 27733
24718 29457
14715 15163
37608 38136
20642 24466
37541 40840
11487 14935
34126 39121
11004 12353
8083 10092
37598 41687
47776 50000
30679 34986
23249 24364
7460 10511
9890 10997
2848 3074
35903 35939
11132 13417
34389 36210
2098 4566
17157 19448
12936 12953
49679 50000
33203 33749
4131 5626
29189 30375
45384 45813
7846 10401
7430 10585
33233 36623
30988 35128
11842 14121
7086 9428
38694 39398
40736 41204
16016 19007
40898 45591
5212 10024
21280 24713
36739 38474
20177 20968
13502 18499
17081 22066
8871 10652
15873 17976
24098 25791
5317 7204
17346 20743
20145 21193
4668 4904
28755 30808
7641 10037
17126 19507
7116 7802
1268 4296
28667 30112
40416 43077
9105 13022
41098 43601
31192 35581
18522 21110
42647 43887
20495 24770
472 1676
45889 46462
45492 45813
39218 39753
6748 8705
9061 13507
16182 16710
1 739
33736 34656
48396 50000
41587 43882
5214 8891
17483 20142
48798 49377
7357 8893
48573 50000
27333 28414
1023 5050
16792 19681
1549 4120
5896 8149
16533 17044
4235 8473
18305 22353
19591 20688
23000 23997
22303 24207
4055 8494
7296 11629
40659 42875
37937 42245
24962 28872
20699 24507
22742 25830
27052 28406
45639 48510
8052 10020
31362 31754
9908 12309
3517 5981
15590 15939
46998 48049
3728 5874
32357 36760
11492 15412
32553 34953
22911 25552
32544 35487
25710 26909
28687 31724
8291 9695
20576 21361
5540 9851
45925 49175
49484 50000
36973 39889
16612 19149
42785 45954
35789 40754
23944 27307
45558 49226
20952 25365
22664 25143
21004 24995
27028 30687
20068 22143
7454 11978
3416 7600
10356 12128
27030 31071
13235 16673
4247 6930
27860 31702
46211 47285
34144 38422
22857 23600
20930 21673
7334 10771
14406 17517
41545 45684
23769 25786
8951 9619
34299 38669
25787 29818
46133 50000
9141 13046
31045 33463
4806 8204
7720 11411
36984 38651
12760 13118
23718 25236
46132 46733
49649 50000
41077 43223
19326 21135
16841 18344
14809 16237
11537 15287
32800 37773
10482 10713
3191 5839
46991 50000
2649 5058
19373 22315
6391 11270
8560 8960
26375 26969
3483 4402
26841 31237
46781 50000
15353 20023
12699 14462
23497 26487
49148 50000
2432 6181
10658 11771
39889 43344
8362 10650
33309 34928
42656 47365
37799 41565
46046 48691
33351 34629
5906 7154
3136 5621
541 3676
39648 43628
20836 24737
36567 41132
11297 12689
18041 20251
48232 50000
34821 35124
17232 22005
25431 30233
37205 42106
5175 6302
23402 28032
4945 6845
38696 43572
28306 32284
13553 18032
32664 34235
23775 24287
10248 13547
18752 19079
1713 1732
38059 40666
31895 34871
8799 9237
26877 27897
27336 28746
269 4003
24655 28626
43617 43757
41727 43607
33680 35373
33971 36822
454 1196
43286 44702
40838 42081
13966 18150
46094 47998
14741 16978
33757 33930
7729 12007
32281 36636
36452 38007
47078 50000
8429 9214
26128 29083
10595 10686
8602 9017
38111 42211
24426 29162
25375 30295
10573 14025
25580 27233
21445 22217
38653 39368
9091 11088
9214 9589
940 3720
36628 39858
25814 28630
37174 39277
1238 3066
35237 39549
2182 4219
42351 46035
49584 50000
47162 49497
26769 29479
26308 26390
28256 32751
9983 14754
45281 46412
25677 29222
34604 37313
19832 21627
19326 21836
1754 3785
44733 47905
10669 13780
31616 36119
23932 25784
44159 46652
42514 46567
22052 22993
30901 34567
28296 29085
38553 39221
5127 5624
48068 49709
42649 47185
30745 31954
49676 50000
20105 22165
26095 29449
10989 14251
16585 19190
49736 50000
19750 19956
31180 35087
27071 28519
45530 46164
17015 19228
6552 10404
18631 20163
23842 25736
44683 45839
17557 17756
49375 50000
19425 21476
13851 17382
45640 50000
11810 13654
11534 14221
26850 31555
32936 36885
22866 27177
22360 22655
42367 47170
22827 23304
36876 41114
509 5002
23660 26541
37000 40164
11586 12192
45613 48111
19768 20237
410 4014
3951 8276
28834 33561
17013 17825
38587 40324
39822 40250
20948 22567
176 4862
39854 43102
33629 35297
7067 9184
31509 34183
30732 33046
37961 39284
6243 8066
8229 13113
32476 32614
38525 43138
49422 50000
16466 18692
8196 10227
46654 49137
45741 47557
6334 9531
7883 10254
43085 44429
30380 31518
30267 30456
43027 45781
8419 12842
3092 7033
35434 36203
20516 25306
31172 34378
39618 41058
48445 50000
37131 38871
6189 9301
26418 30812
16561 20990
44483 46313
6707 11153
28584 33326
33837 34416
48797 50000
35716 37494
46418 50000
5353 5830
7734 9261
44086 48793
8950 12666
32067 36354
3345 6277
32259 33269
40352 44039
21073 25882
23400 27785
21813 26358
17231 18009
47003 50000
7569 10979
34955 37057
47646 48293
46453 49372
26474 26917
38829 42882
41554 46001
30084 34066
14834 19004
35697 38681
22207 23391
3577 7144
26569 31424
32002 36738
7238 11215
765 2338
9990 13545
41743 43125
24546 26514
21015 22844
8906 10677
18009 21469
21706 23674
13420 18359
8814 13213
28279 30108
35192 37467
970 2534
48951 50000
35927 37431
12132 15980
36180 38369
10850 11458
37157 40340
46115 50000
10566 15329
39900 42312
38501 38641
28255 30067
26548 31514
45785 45929
13 1687
22742 25717
10244 11577
28282 31203
9839 13936
18098 20102
6257 9406
16190 20867
48906 50000
21224 25462
17837 19266
44765 49116
27848 30727
3801 7397
22341 25664
20728 23555
37971 40121
32283 36863
48674 48806
32572 34194
46172 47284
13421 16818
9923 12606
13752 17573
22808 26343
5915 10906
30027 34319
23441 25948
7734 9727
46169 49020
1003 3850
28103 30145
27900 28390
34404 35898
9029 10109
40805 43492
47912 50000
8967 13579
3426 7637
17556 21810
37097 38624
7420 11398
14457 18234
42917 47558
39355 41241
39427 42741
14805 15011
32237 37226
14213 15398
49458 50000
32996 36333
1666 6012
17910 21739
10787 14533
26443 29032
20072 23137
7134 7240
3336 7315
23278 24689
24409 26096
33111 35704
37944 41043
4676 5570
2379 3286
11204 11819
42671 45127
15121 15417
46011 50000
41436 45438
23724 23912
604 3481
26390 28444
43719 46233
9469 13503
33892 37985
28751 33301
20965 25495
28478 30180
47242 48416
5740 10138
41842 45060
22991 26561
47908 50000
13125 13248
7750 10356
43521 44144
25100 25957
30602 35446
36168 37549
44838 49488
9993 11594
15974 20029
19155 20521
12853 14069
48378 50000
31885 33972
39624 42299
33185 36057
13313 14866
28002 30548
34557 39511
47381 48667
14614 16070
10886 12076
8052 11140
16411 16792
9150 11460
9739 12526
41089 45086
19920 20180
30469 34249
10884 11018
30764 32126
49299 50000
16487 18282
20832 24452
27198 31704
33972 35656
49901 50000
18472 20375
10678 13005
9242 12241
47403 50000
23387 26019
25913 30319
9467 13943
24275 24850
31097 33206
25376 28641
36841 41126
43769 45339
11456 14680
35191 37249
15850 17251
41672 45194
26927 28009
49572 50000
37131 37168
19761 23277
11603 14938
11710 16392
49475 50000
11458 13105
33183 34500
40303 44650
15666 16687
49752 50000
39632 40595
17701 18127
24770 28627
23352 27227
7822 8968
1996 4629
33995 34442
31724 35186
18060 18776
32588 34647
29196 31535
24009 27085
3195 7711
25892 26424
18472 22339
29361 31385
18986 22375
25044 28174
12825 13337
15476 20118
20804 24959
11871 12051
3403 6578
33807 38657
26653 31487
39692 42848
39176 39429
48996 50000
48166 49276
11704 16494
11256 14475
49196 50000
26534 30018
34898 36216
36358 36566
41633 45747
47435 47769
32051 34807
17111 21852
34290 36373
32372 36734
12284 15759
15629 16278
45744 47039
19864 23120
6620 10597
39434 40663
14578 19433
35037 39550
38298 42514
30744 34636
32833 37700
17233 17801
20160 22476
15654 18596
45132 45724
31422 32578
32661 33088
49850 50000
36449 39099
23355 27891
38958 42210
8155 8431
24536 28683
9128 11214
11823 12540
35168 35725
45694 50000
25668 25745
6101 9707
44505 44899
33737 37582
30738 32248
6317 7049
6993 8846
35029 37736
10695 14691
36698 38766
41836 42147
13109 17627
2126 3716
46270 47775
546 4306
35466 39773
18034 18175
6469 8416
14262 16446
36585 39961
6720 10132
35816 39467
19217 20306
12556 14925
16204 16928
24937 28181
29527 32465
6459 9243
11007 14010
29082 31098
23063 25697
14654 17761
17493 17749
4095 5628
2136 5172
18985 23388
31025 32571
44416 48689
12098 16972
14288 16294
7767 11994
15 4627
16727 21179
20142 24490
12468 15769
20732 24439
37080 41610
39427 39534
1945 3213
35749 39499
38608 41360
10169 13380
2262 6184
20254 20735
26543 26694
7088 9092
26336 30485
25502 26413
46472 47109
3992 7600
1794 6776
6027 8021
44484 46916
7498 12286
47261 50000
33920 36018
4151 8616
6151 7750
49475 50000
49942 50000
634 3115
49585 50000
22238 26754
48369 49072
30690 33205
17391 17562
40822 42031
8076 11758
38548 39572
37642 38335
31516 34904
921 4974
41821 44990
13555 18483
20004 20912
27087 27588
31985 35158
21381 21628
15099 17102
35923 37938
28748 29060
21998 24549
43452 46276
44030 44817
15517 15769
23209 26920
33579 36225
28638 31268
27641 30083
488 1712
39380 41038
1280 4844
44477 47081
26848 28516
46374 47084
39061 41365
20266 22247
28762 30947
9337 12801
31424 31609
42736 46699
49478 50000
3019 5132
21528 21969
44060 44704
27552 28297
31808 31894
28850 29046
11413 14537
17798 21031
16114 20279
47364 49476
4660 7874
49750 50000
38525 38873
44528 46699
27070 29995
39288 40612
40621 43699
36376 40087
31732 33095
22331 25261
32819 36248
22324 24016
30622 33373
27088 27096
13003 13096
27124 27665
44261 47605
2297 6484
49060 50000
14906 15447
49002 50000
24167 25421
26935 27206
38219 38379
32286 35468
45105 45614
42716 44069
37377 41480
8569 10973
47893 50000
29353 33424
22766 23970
49091 50000
41120 42302
45986 49804
28647 29524
21526 22260
18619 23056
38851 42585
33090 33260
9749 14706
5961 9206
10919 12692
28498 32104
42421 44684
13673 17105
6078 8414
35822 36091
10155 13613
151 5040
12385 13156
13640 17799
36083 39926
19741 21066
48036 48477
13981 15575
28416 32956
15931 17372
8995 9051
43034 43831
13236 16626
47168 48617
43067 44773
42779 45217
32380 35960
13576 14191
27927 29479
47163 49811
29122 32463
44439 45207
