642 0
531565973 570743149
630782963 656235972
863680579 879870992
261479116 296843322
503360721 565651601
255453997 273329710
361221632 436975973
28413269 102728518
319642050 379925825
50350251 56162553
730127967 767676509
338842233 415159130
493046149 557174081
425663950 431942695
739535307 747561781
527051587 576635409
627326515 640272493
391368762 470142184
129871764 197736352
91405725 180210726
764983416 803843389
887619517 982197389
267947834 280310989
904637544 996354311
878229962 881364913
462435331 560464934
763731348 847502584
342916049 377876786
412692509 429106824
271599139 320352712
910383372 981286487
96593372 160178538
74155768 144756938
623001920 690323120
417336648 458903606
565970020 597436605
81161305 126389018
935473092 995863833
983184289 995770023
145720154 200429478
715213747 805259313
405632665 465948165
548511140 607818029
318469362 369131829
833049932 842281501
450996659 540807111
844137738 936014054
975845930 1000000000
788504008 837442296
879699093 920460765
892734718 958645080
749339402 827301471
451929091 503191793
535433885 571997428
931791585 952402127
357764314 381989587
249516372 340132225
937363912 1000000000
129480664 190415817
410029371 460708473
198034576 198287513
787747885 837082177
830250863 923499234
700217654 713040768
60422588 82381063
500959697 521640938
369092761 411863966
600774770 687860756
616749259 642532704
790272966 854467844
591846740 604170502
672152886 697857447
991442781 1000000000
259981604 351251791
433141710 463442798
799883860 821204046
125171122 204384741
619208993 634360249
96750169 173736635
72225801 98130343
19566864 87357957
505975232 594342167
926202310 1000000000
495273603 578151496
710657915 723064363
343834260 416796997
769707258 830261251
475880443 540133291
162385052 167111006
234801361 281477736
188842834 204520554
795974662 854182976
210094742 272177069
336172807 413209987
479186494 531754076
974663997 997103738
747473953 830718191
766195173 833770630
433483780 512523200
679706358 716003069
945369854 957908135
436359079 517994535
13463257 77639066
732398207 791861594
94369169 133355121
541022153 634550383
428697527 479038050
603598775 620288031
574100281 612150420
823390818 873189887
752783366 802379270
53562247 75162114
285233927 337217466
875859290 888466698
455118224 483678989
105006012 174900257
481924333 570556101
727448097 748805254
299950563 351807063
226259284 227363630
135318766 200606588
126830398 170963284
559641436 566155545
508284748 595638301
213116367 243337422
755659715 811913912
77849547 103177750
95070327 136821648
848424623 850721597
404324738 413812974
823320533 856942228
373875142 418730301
912541243 1000000000
932047468 976985325
132456607 164251960
124377049 209509580
796691776 835873880
902641492 951156748
96753130 134371674
242276513 280197375
909668785 938571125
181501672 248957739
498222274 594772001
130632438 169279531
956539239 1000000000
850373143 940798471
353034118 378971698
803195935 878532570
734748694 775858768
63661797 73463821
460450954 463769986
608439564 685714926
735451165 735894691
807419686 817311175
687636642 783394603
409082422 447851246
526849653 598660727
904619875 981807818
729012354 757907597
943561991 994252789
820850348 895236069
716567391 806182787
48443136 112707646
755800186 773784306
603141629 609321982
381880566 473547933
645776015 654601536
544674057 584348476
46712890 62495963
623264239 707093395
381518887 458913453
969789205 1000000000
230837039 302985766
18173114 49397979
779445631 785492788
422473501 504608333
246434427 285139320
929045017 956803862
386245895 439451184
753503890 844237773
744145975 819632346
361502488 402817103
210246090 241323864
289019317 315307672
771983853 835692053
905065595 984679650
635410967 686214663
940222414 949901066
729226869 782937471
360792389 433709068
50238957 100411839
801653209 856652142
236225207 286837709
434158368 488503194
881074887 904084990
885589171 904271728
401288819 408185572
495899437 550583855
195993211 233195045
534656017 603476573
168772319 240930840
937062620 987446973
645500945 701859488
66600691 81053612
841474046 894557786
573126383 635607763
165168829 246541102
856667257 948084104
927945620 985055179
690572191 785505045
676798630 749120362
842450828 935409958
947113742 994150780
75433416 141814845
722852402 733791359
122635224 193774988
132253646 209193484
649359201 706617092
40648870 102108020
77002602 86493258
475847783 495485578
650377357 664783908
694313271 788378286
57324181 123909310
385796505 441453991
868193241 910845605
845938115 865390096
429916512 472619124
809717388 896010861
35403534 55957057
900803441 916771909
897098741 960851494
968166203 1000000000
993130080 1000000000
472272360 549738615
966790470 1000000000
582288534 599117067
6514753 10514790
944483885 979297414
698905080 756503620
309988262 393396399
681183059 729649348
875828258 921318732
750700567 831879634
150747959 152490226
622138198 689581203
75771517 141286098
65445731 84927439
735864612 808521748
497735236 597563315
38025782 110009904
124600894 165427481
640946517 728728090
228556353 230787155
927349013 1000000000
681344192 766429146
712380831 724224935
163954890 261913779
262881984 353672082
552045543 580485698
648281930 702845388
721098443 744155224
33824511 55664004
719162500 794470111
534792824 547013716
588386441 599154995
857795989 927996439
784010074 881759530
770526937 774318544
101691912 132223209
180334903 200454080
343018130 346315624
642542060 665110277
253987415 339758867
549591131 570218744
754922278 807259969
979124141 1000000000
873832561 924314551
804998034 830005153
545343735 580257184
780938770 815061801
54138471 137392706
124624468 172543204
760430274 817467137
125418192 128138386
233856947 286233691
314118022 318047408
911566578 978785596
917841350 962517142
999664764 1000000000
421160146 494421165
729145257 769676794
929622014 950692235
363311664 366173046
957451248 1000000000
608649123 615055279
417571438 440536057
348005144 396762871
775646183 780261246
91119190 177152286
952285596 974981352
380633827 448134959
802845921 858009010
963833571 1000000000
678400723 777762321
738870369 814665824
92925668 120932026
399014959 486664275
334154131 336908439
296408062 381975360
394735337 409537523
433117612 525342926
439941062 484701636
755803656 816383535
734617974 759744537
60620313 93844060
569921904 638736916
154806844 185635457
345658243 424039841
794457112 849990327
319828241 410390216
35497386 61699019
947156708 996353846
264270947 301359093
477021686 574517828
62853181 94906909
449073134 479461365
219676474 295858041
241817211 318233786
227242503 296198600
537585544 586625619
366708808 450352377
795331482 874087098
20696299 37498331
966681766 1000000000
645854803 723994450
700718229 725752430
648595183 659832013
541915031 620054715
617070928 643576395
625852158 708574605
445584026 541878244
384251143 390704504
530513461 558575397
911015827 989532453
514665840 609974934
91238086 106614249
19061435 69466992
868272290 967377748
352346456 374634094
367984752 452909862
796516392 893634298
901006667 904409737
474256032 495937756
426454191 522914085
286048439 300946211
142996218 239924649
93648464 118765945
206577043 276633667
670829910 768290384
606327672 607058625
750444757 762643614
80451354 156844059
205533736 229703977
78519241 114452434
109110159 148398476
331046565 412935375
136739992 181508375
417725804 445438942
14643712 20509045
678805541 726130651
314077905 368788263
390877385 465755635
342412172 429295460
918465288 967146387
849495027 932300989
807949405 880163244
131137801 201555652
525868613 565943392
356441354 451108525
549574138 629180161
517180713 609158298
795101108 884106957
428462663 437029446
972632373 1000000000
250950882 344880111
497801107 511353662
157216269 242758613
915208379 925225544
865577542 878522925
17997999 106672670
215331651 262390559
217839019 222366987
827464228 893967461
374773859 455410423
656153331 735989943
10632389 14936038
415507049 426286208
760663423 817165386
47102813 120024672
797985473 870856051
689928139 748944303
69455836 137616327
677485933 772985715
165616904 183272616
699283903 750337657
4762471 40330623
412135749 432584775
821795604 911266383
761166719 761847044
716921238 796208543
398470101 403344357
188127285 261995069
720032028 807271621
462348786 503015616
625183736 711297952
862309251 865584413
308521200 326987491
520311358 560116927
299143990 347231135
104195904 151723385
553343498 579930612
78881971 79516596
691629794 733394913
445557398 497291051
996294747 1000000000
669334626 712970334
843965709 931524732
3966973 61216754
29905735 75232986
62355869 119194064
402426783 477023214
726649599 738729718
203283370 253952856
856521593 915077988
823392474 863078754
346907810 392926488
357962051 439556220
459483274 501486696
671329012 701515149
402351095 438850699
664111646 673979471
840490991 847745818
116623654 195363456
90358626 185273234
224857329 248849110
530046779 587626450
407711792 433780761
514016621 592113511
117780452 136648328
875780697 879493132
459755771 460701298
7578521 106484658
340722791 435031767
203619682 231814250
702923004 704153770
169108303 184269465
826979890 828042161
876898459 957535044
914856340 918169376
527729081 540658465
494524338 588280588
669096450 732322170
137658673 221314091
232618260 259419724
439418016 492867531
811702476 884445467
577918753 623560245
235003886 251764062
449430990 513445679
196471142 214831813
355644418 442226924
411465250 433121123
994955588 1000000000
44281986 129407042
837975562 912796871
158581204 194113273
380585491 418411111
477940231 534318955
251279328 268714385
720271991 756489483
932642597 978573818
445563937 502768579
119212123 203951708
574318281 609924528
624558813 708990190
786639450 883204559
358068534 452362242
229329470 255293614
260449682 326103261
362956984 414047330
681834970 716727438
320547617 368038131
836107638 908715735
80638187 83849881
941567243 954140702
830685158 902191380
423755067 430774792
431218663 478543967
995972502 1000000000
143655502 184975144
261577633 308328007
978499810 1000000000
269667836 309983278
525391838 583656555
4798514 29996208
305270704 311409104
178558408 221253181
96420453 183674602
615070235 689726401
237293161 241934533
255145490 296914090
528017365 620823602
136050488 184379645
964612064 972057400
742865448 750516095
596954800 598659214
878395576 961379830
424535509 513554607
550674051 639627570
283677031 291343907
522666785 588153392
288399962 334119245
731336404 770507456
516858806 596201051
902272389 920493934
288638500 373670001
616810638 689895685
534013516 604508638
388741220 456108956
975407754 1000000000
125861013 155882727
224229207 270383111
293588185 341637568
211308955 218952463
940589096 988701102
851417869 879747409
375143121 430783339
471156225 553907938
179747224 244378428
366154378 381464118
273928356 295914605
817923756 855090682
958615890 1000000000
564467079 650812855
471498749 565267075
639295471 710652254
925061855 1000000000
526095078 541811071
317935291 339448737
311182932 380527026
656356755 690932848
3882558 72184752
816725332 908803786
415552919 454108912
248851566 341801102
985576860 1000000000
785540344 789076713
112215496 144772362
373813556 391145863
250575656 255924759
239179289 305218454
932102401 979033921
300235582 358872664
303190012 329452578
790502319 860430746
950494008 977252673
925063499 1000000000
590598199 689807111
212973553 291338060
71146214 100769883
440843670 490700470
336710001 354521566
621085199 681313313
353416504 408654986
945562136 1000000000
844206961 856859034
676603616 721173492
183898427 283546862
915486109 940161980
303375486 315282238
51348481 70191029
575543624 672415453
781071643 833317665
841988949 925729809
848488504 938137986
495463851 595418417
712166307 724980006
631650643 700979603
812426479 871889729
480359448 580144657
786209180 880562976
579180502 633660785
978899464 1000000000
675951908 749392527
474658683 539543655
559747539 619268737
414227387 417493566
161717442 230324886
731885783 756095445
851490576 894492955
14099640 48197547
159996479 242702452
76230122 79196422
253137075 344536397
263739490 283540364
197212732 266754273
122813407 139780069
333387594 348084628
71672851 111608336
648817821 713999188
954956887 960567591
686908599 705393631
312548516 398032187
750061901 768470696
266984481 297886384
689409985 788118544
589214077 676591944
235653863 319087353
596791541 678685942
800498760 899248421
666936515 673568352
909066363 945235555
230291198 309946410
58789749 70214494
854971849 906080966
459912054 554629945
405503152 441284109
588428478 637134040
602008886 613896259
539780286 544457178
668102405 728366998
200331619 287327923
514541484 584521060
100900704 196728478
288278124 331514001
721918730 818593419
858529732 903708688
647612628 699466549
821402607 908418962
589790568 635230204
168031530 191620268
