1000
800
636
968
456
484
853
229
820
951
178
655
423
467
232
284
93
72
865
866
780
831
548
318
987
515
372
602
420
889
227
406
415
74
980
861
825
805
685
474
607
732
22
64
150
865
998
1000
718
698
243
669
848
346
722
422
82
212
588
782
170
291
237
373
461
856
44
363
831
704
702
151
425
659
21
370
507
898
995
319
535
34
786
664
259
248
170
641
174
141
717
770
146
279
132
644
706
515
45
422
643
44
275
587
702
762
921
241
549
682
149
761
284
663
532
438
571
670
641
222
68
175
978
794
643
727
352
12
165
984
83
396
208
316
681
658
758
549
183
84
534
14
257
35
542
366
618
976
313
133
482
178
969
903
910
467
250
782
928
527
890
353
873
486
509
997
590
993
473
510
337
32
257
633
792
327
927
292
827
356
505
794
157
617
51
355
947
235
324
780
756
998
879
566
47
671
257
631
963
66
229
18
98
297
905
312
446
79
742
469
111
509
445
266
61
238
811
228
338
717
545
431
941
878
487
626
751
79
298
62
788
621
192
912
395
171
111
335
155
944
377
605
738
781
131
405
803
734
823
911
758
879
209
99
613
636
941
372
455
311
661
766
240
227
879
559
16
666
268
334
292
125
459
183
666
547
86
713
964
783
11
41
422
328
280
605
117
860
845
703
566
857
412
722
144
749
292
365
833
812
768
156
347
763
943
108
56
793
663
768
354
687
744
749
422
482
573
167
244
679
864
657
565
143
423
961
593
258
209
830
582
636
35
403
953
144
565
262
878
857
604
234
930
321
611
853
93
387
428
404
541
560
664
269
73
204
713
718
901
877
92
920
578
190
578
151
97
88
453
392
363
166
606
531
860
266
902
624
806
735
825
685
411
536
789
162
349
347
404
875
382
43
817
503
44
388
641
861
857
738
516
209
91
500
681
629
736
668
191
705
443
893
893
293
352
680
865
259
376
78
728
48
491
343
817
167
818
8
329
976
340
403
499
433
604
875
179
687
488
925
392
238
551
424
207
424
148
896
916
11
407
766
423
213
670
805
105
949
485
386
969
377
355
933
144
3
709
314
514
82
122
405
757
793
944
479
196
691
473
505
248
494
14
431
77
373
674
115
271
51
583
481
979
455
419
439
723
64
985
928
642
724
655
637
344
847
910
940
83
464
787
703
559
170
653
108
401
637
681
686
761
888
367
982
427
985
106
444
521
412
66
247
724
733
866
992
935
100
335
344
116
464
835
732
448
362
539
99
142
371
554
390
988
844
984
763
747
759
455
709
150
345
841
556
478
3
493
71
250
33
819
117
656
965
45
468
941
787
632
952
400
461
250
121
621
977
351
150
195
490
819
583
609
279
414
553
130
810
908
286
325
351
688
113
78
920
532
728
818
997
841
238
357
536
869
589
629
857
677
905
26
706
527
383
948
542
303
84
778
197
224
19
830
672
819
406
557
583
302
800
521
935
587
235
929
719
206
847
66
835
31
473
224
384
32
37
579
522
769
483
935
768
619
571
638
425
641
202
953
898
417
37
806
752
590
760
36
640
313
914
244
791
971
725
817
23
353
261
70
680
764
897
632
869
496
45
229
735
294
495
803
283
40
134
380
453
296
616
522
9
53
192
314
711
233
732
95
307
763
969
978
720
433
594
14
906
339
550
419
144
18
215
709
392
620
309
347
848
46
553
301
721
786
372
494
533
626
756
354
667
914
953
198
168
523
13
131
860
158
472
161
466
923
36
17
772
817
525
720
686
93
629
162
555
359
426
331
417
823
942
214
193
267
146
974
437
700
815
588
398
522
477
648
352
226
267
277
830
922
733
732
518
362
670
356
683
116
668
571
701
18
907
285
871
903
729
199
245
186
121
815
509
734
158
626
95
57
64
656
458
669
480
664
372
526
434
211
455
473
452
296
258
214
454
993
519
434
258
783
58
866
589
198
813
820
21
658
904
94
787
748
685
995
950
258
763
238
188
404
224
148
989
982
187
681
103
238
303
460
93
953
486
875
505
584
674
419
32
454
320
424
617
862
524
572
506
386
27
573
492
634
693
388
790
178
104
939
386
751
120
400
454
788
733
771
493
350
432
503
780
906
931
687
105
755
603
274
613
404
77
566
229
996
966
973
907
78
568
668
65
375
976
312
782
936
660
420
140
435
952
198
970
524
695
686
691
393
276
577
330
710
947
79
38
728
564
495
358
154
61
576
345
977
234
270
202
960
61
150
247
516
303
612
573
528
597
70
287
327
840
500
160
211
640
376
716
278
993
706
442
938
